<?xml version="1.0" encoding="utf-8"?>
<COLLADA xmlns="http://www.collada.org/2005/11/COLLADASchema" version="1.4.1">
  <asset><contributor><author>Mixamo</author><authoring_tool>COLLADA Mixamo exporter</authoring_tool><comments></comments></contributor><created>2018-11-11T14:51:28Z</created><modified>2018-11-11T14:51:28Z</modified><revision></revision><title></title><unit meter="0.010000"/><up_axis>Y_UP</up_axis></asset>
  <library_animations>
    <animation id="Hips-anim" name="Hips"><source id="Hips-Matrix-animation-input"><float_array id="Hips-Matrix-animation-input-array" count="67">

0.000000 0.033333 0.066667 0.100000 0.133333 0.166667 0.200000 0.233333 0.266667 0.300000 0.333333 0.366667 0.400000 0.433333 0.466667 0.500000
0.533333 0.566667 0.600000 0.633333 0.666667 0.700000 0.733333 0.766667 0.800000 0.833333 0.866667 0.900000 0.933333 0.966667 1.000000 1.033333
1.066667 1.100000 1.133333 1.166667 1.200000 1.233333 1.266667 1.300000 1.333333 1.366667 1.400000 1.433333 1.466667 1.500000 1.533333 1.566667
1.600000 1.633333 1.666667 1.700000 1.733333 1.766667 1.800000 1.833333 1.866667 1.900000 1.933333 1.966667 2.000000 2.033333 2.066667 2.100000
2.133333 2.166667 2.200000</float_array><technique_common><accessor source="#Hips-Matrix-animation-input-array" count="67"><param name="TIME" type="float"/></accessor></technique_common></source><source id="Hips-Matrix-animation-output-transform"><float_array id="Hips-Matrix-animation-output-transform-array" count="1072">

0.993637 -0.073703 0.085168 -0.551949 0.066990 0.994608 0.079162 171.246796 -0.090543 -0.072953 0.993217 1.128308 0.000000 0.000000 0.000000 1.000000
0.993625 -0.073283 0.085668 -0.581767 0.067346 0.995253 0.070256 171.200317 -0.090410 -0.064039 0.993844 1.039811 0.000000 0.000000 0.000000 1.000000
0.993443 -0.073067 0.087935 -0.592415 0.067876 0.995849 0.060649 171.129364 -0.092002 -0.054282 0.994278 0.919608 0.000000 0.000000 0.000000 1.000000
0.993016 -0.073130 0.092582 -0.588237 0.068526 0.996295 0.051974 171.030334 -0.096040 -0.045266 0.994348 0.735579 0.000000 0.000000 0.000000 1.000000
0.992299 -0.073529 0.099682 -0.560260 0.069281 0.996562 0.045433 170.908844 -0.102680 -0.038177 0.993981 0.509360 0.000000 0.000000 0.000000 1.000000
0.991302 -0.073830 0.108944 -0.481903 0.070096 0.996827 0.037721 170.781570 -0.111383 -0.029756 0.993332 0.317705 0.000000 0.000000 0.000000 1.000000
0.989982 -0.072530 0.121143 -0.340885 0.069948 0.997226 0.025442 170.656799 -0.122652 -0.016714 0.992309 0.212856 0.000000 0.000000 0.000000 1.000000
0.988222 -0.068327 0.136927 -0.148179 0.067584 0.997663 0.010074 170.543137 -0.137295 -0.000701 0.990530 0.182135 0.000000 0.000000 0.000000 1.000000
0.986141 -0.061957 0.153907 0.072641 0.063433 0.997975 -0.004690 170.466248 -0.153305 0.014388 0.988074 0.184848 0.000000 0.000000 0.000000 1.000000
0.984380 -0.055559 0.167061 0.294471 0.059234 0.998098 -0.017092 170.402084 -0.165793 0.026721 0.985798 0.200142 0.000000 0.000000 0.000000 1.000000
0.983818 -0.050225 0.171988 0.500820 0.056185 0.997971 -0.029961 170.277054 -0.170134 0.039139 0.984643 0.245154 0.000000 0.000000 0.000000 1.000000
0.984768 -0.045304 0.167870 0.695896 0.054298 0.997303 -0.049375 170.044083 -0.165180 0.057738 0.984572 0.367623 0.000000 0.000000 0.000000 1.000000
0.986724 -0.040653 0.157238 0.907069 0.053436 0.995525 -0.077943 169.678223 -0.153365 0.085310 0.984480 0.636964 0.000000 0.000000 0.000000 1.000000
0.989087 -0.038391 0.142242 1.167660 0.054510 0.992300 -0.111217 169.152222 -0.136877 0.117757 0.983564 1.115283 0.000000 0.000000 0.000000 1.000000
0.991359 -0.041098 0.124573 1.477369 0.059110 0.987733 -0.144532 168.433594 -0.117105 0.150647 0.981627 1.840215 0.000000 0.000000 0.000000 1.000000
0.992742 -0.049133 0.109769 1.814848 0.068148 0.981879 -0.176833 167.509933 -0.099091 0.183030 0.978101 2.859635 0.000000 0.000000 0.000000 1.000000
0.992626 -0.060427 0.105083 2.219759 0.080798 0.976056 -0.201958 166.434509 -0.090364 0.208959 0.973741 4.245856 0.000000 0.000000 0.000000 1.000000
0.991098 -0.071059 0.112581 2.795038 0.093407 0.973721 -0.207710 165.321655 -0.094863 0.216377 0.971690 6.036436 0.000000 0.000000 0.000000 1.000000
0.988469 -0.079304 0.128997 3.556611 0.103228 0.976169 -0.190890 164.205917 -0.110784 0.202005 0.973099 8.141796 0.000000 0.000000 0.000000 1.000000
0.984615 -0.086064 0.152074 4.372105 0.110961 0.980255 -0.163671 163.120392 -0.134985 0.178027 0.974723 10.377007 0.000000 0.000000 0.000000 1.000000
0.979564 -0.086831 0.181422 5.152250 0.113181 0.983614 -0.140334 162.193390 -0.166264 0.158000 0.973341 12.612877 0.000000 0.000000 0.000000 1.000000
0.974418 -0.073725 0.212306 5.900142 0.102034 0.986817 -0.125625 161.584732 -0.200245 0.144074 0.969095 14.874131 0.000000 0.000000 0.000000 1.000000
0.970590 -0.046823 0.236139 6.464382 0.075906 0.990390 -0.115611 161.809311 -0.228457 0.130135 0.964817 17.233477 0.000000 0.000000 0.000000 1.000000
0.968358 -0.008225 0.249431 6.832614 0.037936 0.992694 -0.114543 162.817780 -0.246666 0.120381 0.961595 19.751982 0.000000 0.000000 0.000000 1.000000
0.967271 0.035704 0.251220 7.072685 0.000045 0.990027 -0.140877 164.285278 -0.253745 0.136277 0.957623 22.617773 0.000000 0.000000 0.000000 1.000000
0.964916 0.066771 0.253926 7.195436 -0.017445 0.981290 -0.191746 166.151505 -0.261978 0.180589 0.948027 25.712723 0.000000 0.000000 0.000000 1.000000
0.959588 0.076577 0.270788 7.220784 -0.010141 0.971048 -0.238671 168.038071 -0.281225 0.226280 0.932582 28.884399 0.000000 0.000000 0.000000 1.000000
0.953132 0.076903 0.292619 7.232703 -0.000271 0.967374 -0.253351 169.166840 -0.302556 0.241398 0.922056 32.041473 0.000000 0.000000 0.000000 1.000000
0.950260 0.073517 0.302656 7.346458 0.000348 0.971491 -0.237076 169.396927 -0.311457 0.225389 0.923144 35.341698 0.000000 0.000000 0.000000 1.000000
0.950757 0.061291 0.303815 7.566827 0.003531 0.978046 -0.208360 168.896133 -0.309916 0.199172 0.929668 38.915127 0.000000 0.000000 0.000000 1.000000
0.951280 0.043961 0.305180 7.862684 0.012551 0.983442 -0.180787 167.544846 -0.308074 0.175810 0.934977 42.659222 0.000000 0.000000 0.000000 1.000000
0.949934 0.029302 0.311073 8.184458 0.020948 0.987380 -0.156977 165.216248 -0.311747 0.155634 0.937332 46.497997 0.000000 0.000000 0.000000 1.000000
0.947752 0.015831 0.318616 8.462255 0.027699 0.990912 -0.131630 162.004715 -0.317804 0.133578 0.938700 50.503780 0.000000 0.000000 0.000000 1.000000
0.947526 0.000566 0.319678 8.683934 0.033285 0.994388 -0.100417 157.969193 -0.317941 0.105789 0.942190 54.689770 0.000000 0.000000 0.000000 1.000000
0.950246 -0.015467 0.311116 8.886986 0.037574 0.997165 -0.065190 153.095367 -0.309226 0.073637 0.948133 59.010704 0.000000 0.000000 0.000000 1.000000
0.954317 -0.028691 0.297415 9.092006 0.039561 0.998749 -0.030594 147.428253 -0.296165 0.040962 0.954258 63.379086 0.000000 0.000000 0.000000 1.000000
0.958476 -0.035260 0.282984 9.273055 0.036905 0.999319 -0.000483 141.032928 -0.282774 0.010906 0.959125 67.719475 0.000000 0.000000 0.000000 1.000000
0.962576 -0.034415 0.268816 9.413664 0.029349 0.999308 0.022842 133.899521 -0.269417 -0.014098 0.962921 72.026260 0.000000 0.000000 0.000000 1.000000
0.965730 -0.033954 0.257318 9.558872 0.024055 0.998848 0.041519 125.940598 -0.258432 -0.033906 0.965434 76.322128 0.000000 0.000000 0.000000 1.000000
0.966926 -0.043740 0.251279 9.761402 0.029375 0.997727 0.060638 117.038513 -0.253360 -0.051251 0.966013 80.573036 0.000000 0.000000 0.000000 1.000000
0.967491 -0.052489 0.247398 9.938953 0.034328 0.996428 0.077160 107.066376 -0.250564 -0.066159 0.965837 84.700195 0.000000 0.000000 0.000000 1.000000
0.970734 -0.014375 0.239728 9.876952 -0.004128 0.997061 0.076501 96.157280 -0.240123 -0.075252 0.967821 88.633621 0.000000 0.000000 0.000000 1.000000
0.967751 0.098833 0.231710 9.417806 -0.114216 0.991992 0.053907 85.030212 -0.224526 -0.078633 0.971290 92.315544 0.000000 0.000000 0.000000 1.000000
0.936131 0.258516 0.238386 8.784112 -0.270701 0.962470 0.019288 74.927757 -0.224453 -0.082587 0.970979 95.436005 0.000000 0.000000 0.000000 1.000000
0.889801 0.370991 0.265743 7.798292 -0.376016 0.926000 -0.033710 66.303299 -0.258584 -0.069929 0.963454 97.445900 0.000000 0.000000 0.000000 1.000000
0.870911 0.409638 0.271498 7.042099 -0.395983 0.912121 -0.105982 58.509941 -0.291054 -0.015207 0.956586 98.213722 0.000000 0.000000 0.000000 1.000000
0.886076 0.399065 0.235831 7.071966 -0.358380 0.912448 -0.197491 51.694847 -0.293996 0.090475 0.951515 98.592339 0.000000 0.000000 0.000000 1.000000
0.910910 0.366732 0.189076 7.837805 -0.307204 0.908729 -0.282556 45.311195 -0.275442 0.199299 0.940432 99.233734 0.000000 0.000000 0.000000 1.000000
0.937072 0.310792 0.159074 8.896086 -0.247903 0.913117 -0.323669 39.343994 -0.245847 0.263866 0.932702 100.126427 0.000000 0.000000 0.000000 1.000000
0.961519 0.227561 0.153940 9.803958 -0.167092 0.929138 -0.329822 34.779701 -0.218086 0.291408 0.931408 101.160278 0.000000 0.000000 0.000000 1.000000
0.973993 0.149867 0.169936 10.224083 -0.086541 0.939204 -0.332274 32.371994 -0.209402 0.308926 0.927748 102.234467 0.000000 0.000000 0.000000 1.000000
0.975022 0.120345 0.186679 10.243739 -0.046752 0.932859 -0.357194 32.131027 -0.217132 0.339544 0.915185 103.285912 0.000000 0.000000 0.000000 1.000000
0.973958 0.128315 0.186925 10.091515 -0.042793 0.913663 -0.404214 33.827274 -0.222653 0.385688 0.895361 104.365440 0.000000 0.000000 0.000000 1.000000
0.974390 0.139180 0.176618 10.144779 -0.045758 0.891724 -0.450260 36.481628 -0.220162 0.430647 0.875255 105.510559 0.000000 0.000000 0.000000 1.000000
0.975897 0.135781 0.170845 10.403421 -0.037477 0.875510 -0.481744 39.234180 -0.214988 0.463730 0.859497 106.557907 0.000000 0.000000 0.000000 1.000000
0.976526 0.126130 0.174609 10.762351 -0.021475 0.863600 -0.503720 41.574829 -0.214326 0.488146 0.846036 107.482147 0.000000 0.000000 0.000000 1.000000
0.975460 0.117897 0.185953 11.089677 -0.003496 0.852746 -0.522314 43.359852 -0.220150 0.508847 0.832231 108.300636 0.000000 0.000000 0.000000 1.000000
0.973664 0.110187 0.199592 11.312590 0.014758 0.843157 -0.537465 44.586098 -0.227509 0.526256 0.819325 109.020103 0.000000 0.000000 0.000000 1.000000
0.972077 0.101431 0.211607 11.442633 0.031734 0.836651 -0.546816 45.231361 -0.232505 0.538263 0.810071 109.643814 0.000000 0.000000 0.000000 1.000000
0.970723 0.094796 0.220705 11.535274 0.043604 0.834022 -0.550006 45.335243 -0.236211 0.543527 0.805470 110.157707 0.000000 0.000000 0.000000 1.000000
0.969908 0.091355 0.225685 11.582712 0.049427 0.833758 -0.549913 45.133099 -0.238404 0.544519 0.804153 110.587311 0.000000 0.000000 0.000000 1.000000
0.969341 0.091574 0.228019 11.587910 0.050698 0.833462 -0.550247 44.844349 -0.240433 0.544936 0.803266 110.921829 0.000000 0.000000 0.000000 1.000000
0.968983 0.093150 0.228901 11.579227 0.050315 0.832480 -0.551766 44.542561 -0.241952 0.546169 0.801972 111.150505 0.000000 0.000000 0.000000 1.000000
0.969209 0.094531 0.227372 11.576080 0.048589 0.831802 -0.552942 44.232250 -0.241399 0.546964 0.801596 111.308792 0.000000 0.000000 0.000000 1.000000
0.970098 0.095701 0.223048 11.583429 0.044882 0.832399 -0.552357 43.931793 -0.238526 0.545851 0.803213 111.422913 0.000000 0.000000 0.000000 1.000000
0.971205 0.096219 0.217950 11.602975 0.040884 0.833937 -0.550343 43.678398 -0.234710 0.543406 0.805990 111.477234 0.000000 0.000000 0.000000 1.000000
0.972230 0.094946 0.213902 11.644368 0.039089 0.835283 -0.548429 43.486359 -0.230739 0.541561 0.808376 111.466660 0.000000 0.000000 0.000000 1.000000</float_array><technique_common><accessor source="#Hips-Matrix-animation-output-transform-array" count="67" stride="16"><param type="float4x4"/></accessor></technique_common></source><source id="Hips-Interpolations"><Name_array id="Hips-Interpolations-array" count="67">
 LINEAR LINEAR LINEAR LINEAR LINEAR LINEAR LINEAR LINEAR LINEAR LINEAR LINEAR
LINEAR LINEAR LINEAR LINEAR LINEAR LINEAR LINEAR LINEAR LINEAR LINEAR LINEAR LINEAR
LINEAR LINEAR LINEAR LINEAR LINEAR LINEAR LINEAR LINEAR LINEAR LINEAR LINEAR LINEAR
LINEAR LINEAR LINEAR LINEAR LINEAR LINEAR LINEAR LINEAR LINEAR LINEAR LINEAR LINEAR
LINEAR LINEAR LINEAR LINEAR LINEAR LINEAR LINEAR LINEAR LINEAR LINEAR LINEAR LINEAR
LINEAR LINEAR LINEAR LINEAR LINEAR LINEAR LINEAR LINEAR</Name_array><technique_common><accessor source="#Hips-Interpolations-array" count="67"><param type="name"/></accessor></technique_common></source><sampler id="Hips-Matrix-animation-transform"><input semantic="INPUT" source="#Hips-Matrix-animation-input"/><input semantic="OUTPUT" source="#Hips-Matrix-animation-output-transform"/><input semantic="INTERPOLATION" source="#Hips-Interpolations"/></sampler><channel source="#Hips-Matrix-animation-transform" target="Hips/matrix"/></animation>
    <animation id="Pelvis-anim" name="Pelvis"><source id="Pelvis-Matrix-animation-input"><float_array id="Pelvis-Matrix-animation-input-array" count="67">

0.000000 0.033333 0.066667 0.100000 0.133333 0.166667 0.200000 0.233333 0.266667 0.300000 0.333333 0.366667 0.400000 0.433333 0.466667 0.500000
0.533333 0.566667 0.600000 0.633333 0.666667 0.700000 0.733333 0.766667 0.800000 0.833333 0.866667 0.900000 0.933333 0.966667 1.000000 1.033333
1.066667 1.100000 1.133333 1.166667 1.200000 1.233333 1.266667 1.300000 1.333333 1.366667 1.400000 1.433333 1.466667 1.500000 1.533333 1.566667
1.600000 1.633333 1.666667 1.700000 1.733333 1.766667 1.800000 1.833333 1.866667 1.900000 1.933333 1.966667 2.000000 2.033333 2.066667 2.100000
2.133333 2.166667 2.200000</float_array><technique_common><accessor source="#Pelvis-Matrix-animation-input-array" count="67"><param name="TIME" type="float"/></accessor></technique_common></source><source id="Pelvis-Matrix-animation-output-transform"><float_array id="Pelvis-Matrix-animation-output-transform-array" count="1072">

1.000000 0.000000 0.000000 0.000000 0.000000 1.000000 0.000000 0.000000 -0.000000 0.000000 1.000000 0.000000 0.000000 0.000000 0.000000 1.000000
1.000000 -0.000000 0.000000 0.000000 -0.000000 1.000000 0.000000 0.000000 0.000000 -0.000000 1.000000 0.000000 0.000000 0.000000 0.000000 1.000000
1.000000 -0.000000 0.000000 0.000000 0.000000 1.000000 0.000000 0.000000 0.000000 -0.000000 1.000000 0.000000 0.000000 0.000000 0.000000 1.000000
1.000000 0.000000 0.000000 0.000000 0.000000 1.000000 0.000000 0.000000 0.000000 0.000000 1.000000 0.000000 0.000000 0.000000 0.000000 1.000000
1.000000 0.000000 0.000000 0.000000 -0.000000 1.000000 0.000000 0.000000 -0.000000 0.000000 1.000000 0.000000 0.000000 0.000000 0.000000 1.000000
1.000000 0.000000 -0.000000 0.000000 0.000000 1.000000 0.000000 0.000000 0.000000 -0.000000 1.000000 0.000000 0.000000 0.000000 0.000000 1.000000
1.000000 0.000000 -0.000000 0.000000 -0.000000 1.000000 -0.000000 0.000000 0.000000 0.000000 1.000000 0.000000 0.000000 0.000000 0.000000 1.000000
1.000000 0.000000 -0.000000 0.000000 0.000000 1.000000 -0.000000 0.000000 0.000000 0.000000 1.000000 0.000000 0.000000 0.000000 0.000000 1.000000
1.000000 -0.000000 0.000000 0.000000 0.000000 1.000000 -0.000000 0.000000 0.000000 -0.000000 1.000000 0.000000 0.000000 0.000000 0.000000 1.000000
1.000000 0.000000 -0.000000 0.000000 0.000000 1.000000 0.000000 0.000000 -0.000000 0.000000 1.000000 0.000000 0.000000 0.000000 0.000000 1.000000
1.000000 -0.000000 0.000000 0.000000 0.000000 1.000000 0.000000 0.000000 0.000000 0.000000 1.000000 0.000000 0.000000 0.000000 0.000000 1.000000
1.000000 -0.000000 -0.000000 0.000000 -0.000000 1.000000 0.000000 0.000000 0.000000 0.000000 1.000000 0.000000 0.000000 0.000000 0.000000 1.000000
1.000000 0.000000 -0.000000 0.000000 -0.000000 1.000000 0.000000 0.000000 0.000000 0.000000 1.000000 0.000000 0.000000 0.000000 0.000000 1.000000
1.000000 0.000000 -0.000000 0.000000 0.000000 1.000000 0.000000 0.000000 0.000000 0.000000 1.000000 0.000000 0.000000 0.000000 0.000000 1.000000
1.000000 -0.000000 -0.000000 0.000000 0.000000 1.000000 -0.000000 0.000000 -0.000000 0.000000 1.000000 0.000000 0.000000 0.000000 0.000000 1.000000
1.000000 -0.000000 0.000000 0.000000 -0.000000 1.000000 -0.000000 0.000000 0.000000 0.000000 1.000000 0.000000 0.000000 0.000000 0.000000 1.000000
1.000000 0.000000 0.000000 0.000000 -0.000000 1.000000 0.000000 0.000000 0.000000 0.000000 1.000000 0.000000 0.000000 0.000000 0.000000 1.000000
1.000000 -0.000000 0.000000 0.000000 -0.000000 1.000000 0.000000 0.000000 0.000000 0.000000 1.000000 0.000000 0.000000 0.000000 0.000000 1.000000
1.000000 0.000000 -0.000000 0.000000 0.000000 1.000000 0.000000 0.000000 0.000000 0.000000 1.000000 0.000000 0.000000 0.000000 0.000000 1.000000
1.000000 0.000000 0.000000 0.000000 0.000000 1.000000 0.000000 0.000000 0.000000 -0.000000 1.000000 0.000000 0.000000 0.000000 0.000000 1.000000
1.000000 -0.000000 0.000000 0.000000 -0.000000 1.000000 -0.000000 0.000000 -0.000000 0.000000 1.000000 0.000000 0.000000 0.000000 0.000000 1.000000
1.000000 -0.000000 0.000000 0.000000 -0.000000 1.000000 0.000000 0.000000 0.000000 0.000000 1.000000 0.000000 0.000000 0.000000 0.000000 1.000000
1.000000 0.000000 0.000000 0.000000 -0.000000 1.000000 0.000000 0.000000 -0.000000 0.000000 1.000000 0.000000 0.000000 0.000000 0.000000 1.000000
1.000000 -0.000000 -0.000000 0.000000 -0.000000 1.000000 0.000000 0.000000 -0.000000 0.000000 1.000000 0.000000 0.000000 0.000000 0.000000 1.000000
1.000000 0.000000 0.000000 0.000000 0.000000 1.000000 -0.000000 0.000000 0.000000 0.000000 1.000000 0.000000 0.000000 0.000000 0.000000 1.000000
1.000000 0.000000 0.000000 0.000000 0.000000 1.000000 0.000000 0.000000 0.000000 0.000000 1.000000 0.000000 0.000000 0.000000 0.000000 1.000000
1.000000 0.000000 0.000000 0.000000 -0.000000 1.000000 -0.000000 0.000000 0.000000 -0.000000 1.000000 0.000000 0.000000 0.000000 0.000000 1.000000
1.000000 0.000000 0.000000 0.000000 0.000000 1.000000 0.000000 0.000000 0.000000 0.000000 1.000000 0.000000 0.000000 0.000000 0.000000 1.000000
1.000000 -0.000000 -0.000000 0.000000 0.000000 1.000000 -0.000000 0.000000 -0.000000 0.000000 1.000000 0.000000 0.000000 0.000000 0.000000 1.000000
1.000000 -0.000000 0.000000 0.000000 -0.000000 1.000000 0.000000 0.000000 0.000000 0.000000 1.000000 0.000000 0.000000 0.000000 0.000000 1.000000
1.000000 -0.000000 0.000000 0.000000 -0.000000 1.000000 -0.000000 0.000000 0.000000 0.000000 1.000000 0.000000 0.000000 0.000000 0.000000 1.000000
1.000000 0.000000 0.000000 0.000000 0.000000 1.000000 0.000000 0.000000 -0.000000 0.000000 1.000000 0.000000 0.000000 0.000000 0.000000 1.000000
1.000000 0.000000 0.000000 0.000000 0.000000 1.000000 -0.000000 0.000000 0.000000 0.000000 1.000000 0.000000 0.000000 0.000000 0.000000 1.000000
1.000000 0.000000 0.000000 0.000000 0.000000 1.000000 0.000000 0.000000 0.000000 0.000000 1.000000 0.000000 0.000000 0.000000 0.000000 1.000000
1.000000 0.000000 0.000000 0.000000 -0.000000 1.000000 0.000000 0.000000 -0.000000 -0.000000 1.000000 0.000000 0.000000 0.000000 0.000000 1.000000
1.000000 -0.000000 0.000000 0.000000 -0.000000 1.000000 0.000000 0.000000 0.000000 0.000000 1.000000 0.000000 0.000000 0.000000 0.000000 1.000000
1.000000 0.000000 -0.000000 0.000000 0.000000 1.000000 0.000000 0.000000 0.000000 -0.000000 1.000000 0.000000 0.000000 0.000000 0.000000 1.000000
1.000000 -0.000000 0.000000 0.000000 0.000000 1.000000 0.000000 0.000000 0.000000 -0.000000 1.000000 0.000000 0.000000 0.000000 0.000000 1.000000
1.000000 -0.000000 0.000000 0.000000 0.000000 1.000000 -0.000000 0.000000 0.000000 0.000000 1.000000 0.000000 0.000000 0.000000 0.000000 1.000000
1.000000 0.000000 -0.000000 0.000000 0.000000 1.000000 0.000000 0.000000 0.000000 -0.000000 1.000000 0.000000 0.000000 0.000000 0.000000 1.000000
1.000000 0.000000 0.000000 0.000000 -0.000000 1.000000 0.000000 0.000000 0.000000 0.000000 1.000000 0.000000 0.000000 0.000000 0.000000 1.000000
1.000000 -0.000000 0.000000 0.000000 0.000000 1.000000 -0.000000 0.000000 0.000000 0.000000 1.000000 0.000000 0.000000 0.000000 0.000000 1.000000
1.000000 0.000000 0.000000 0.000000 -0.000000 1.000000 -0.000000 0.000000 0.000000 0.000000 1.000000 0.000000 0.000000 0.000000 0.000000 1.000000
1.000000 0.000000 0.000000 0.000000 0.000000 1.000000 0.000000 0.000000 0.000000 0.000000 1.000000 0.000000 0.000000 0.000000 0.000000 1.000000
1.000000 0.000000 0.000000 0.000000 -0.000000 1.000000 -0.000000 0.000000 -0.000000 -0.000000 1.000000 0.000000 0.000000 0.000000 0.000000 1.000000
1.000000 -0.000000 0.000000 0.000000 -0.000000 1.000000 0.000000 0.000000 0.000000 -0.000000 1.000000 0.000000 0.000000 0.000000 0.000000 1.000000
1.000000 -0.000000 0.000000 0.000000 0.000000 1.000000 0.000000 0.000000 0.000000 -0.000000 1.000000 0.000000 0.000000 0.000000 0.000000 1.000000
1.000000 0.000000 0.000000 0.000000 0.000000 1.000000 0.000000 0.000000 0.000000 -0.000000 1.000000 0.000000 0.000000 0.000000 0.000000 1.000000
1.000000 0.000000 0.000000 0.000000 -0.000000 1.000000 0.000000 0.000000 0.000000 0.000000 1.000000 0.000000 0.000000 0.000000 0.000000 1.000000
1.000000 -0.000000 -0.000000 0.000000 0.000000 1.000000 0.000000 0.000000 0.000000 -0.000000 1.000000 0.000000 0.000000 0.000000 0.000000 1.000000
1.000000 -0.000000 0.000000 0.000000 0.000000 1.000000 0.000000 0.000000 0.000000 0.000000 1.000000 0.000000 0.000000 0.000000 0.000000 1.000000
1.000000 0.000000 0.000000 0.000000 -0.000000 1.000000 0.000000 0.000000 0.000000 -0.000000 1.000000 0.000000 0.000000 0.000000 0.000000 1.000000
1.000000 0.000000 -0.000000 0.000000 -0.000000 1.000000 0.000000 0.000000 0.000000 -0.000000 1.000000 0.000000 0.000000 0.000000 0.000000 1.000000
1.000000 0.000000 0.000000 0.000000 -0.000000 1.000000 0.000000 0.000000 -0.000000 0.000000 1.000000 0.000000 0.000000 0.000000 0.000000 1.000000
1.000000 0.000000 0.000000 0.000000 0.000000 1.000000 -0.000000 0.000000 0.000000 -0.000000 1.000000 0.000000 0.000000 0.000000 0.000000 1.000000
1.000000 0.000000 0.000000 0.000000 -0.000000 1.000000 -0.000000 0.000000 0.000000 0.000000 1.000000 0.000000 0.000000 0.000000 0.000000 1.000000
1.000000 0.000000 0.000000 0.000000 -0.000000 1.000000 0.000000 0.000000 -0.000000 -0.000000 1.000000 0.000000 0.000000 0.000000 0.000000 1.000000
1.000000 -0.000000 -0.000000 0.000000 0.000000 1.000000 -0.000000 0.000000 0.000000 -0.000000 1.000000 0.000000 0.000000 0.000000 0.000000 1.000000
1.000000 0.000000 0.000000 0.000000 -0.000000 1.000000 -0.000000 0.000000 0.000000 -0.000000 1.000000 0.000000 0.000000 0.000000 0.000000 1.000000
1.000000 -0.000000 0.000000 0.000000 0.000000 1.000000 0.000000 0.000000 0.000000 0.000000 1.000000 0.000000 0.000000 0.000000 0.000000 1.000000
1.000000 0.000000 0.000000 0.000000 -0.000000 1.000000 -0.000000 0.000000 -0.000000 0.000000 1.000000 0.000000 0.000000 0.000000 0.000000 1.000000
1.000000 0.000000 0.000000 0.000000 -0.000000 1.000000 0.000000 0.000000 0.000000 -0.000000 1.000000 0.000000 0.000000 0.000000 0.000000 1.000000
1.000000 0.000000 -0.000000 0.000000 -0.000000 1.000000 0.000000 0.000000 0.000000 -0.000000 1.000000 0.000000 0.000000 0.000000 0.000000 1.000000
1.000000 0.000000 -0.000000 0.000000 0.000000 1.000000 -0.000000 0.000000 0.000000 0.000000 1.000000 0.000000 0.000000 0.000000 0.000000 1.000000
1.000000 -0.000000 0.000000 0.000000 0.000000 1.000000 0.000000 0.000000 0.000000 -0.000000 1.000000 0.000000 0.000000 0.000000 0.000000 1.000000
1.000000 0.000000 0.000000 0.000000 0.000000 1.000000 0.000000 0.000000 0.000000 -0.000000 1.000000 0.000000 0.000000 0.000000 0.000000 1.000000
1.000000 -0.000000 -0.000000 0.000000 0.000000 1.000000 0.000000 0.000000 -0.000000 -0.000000 1.000000 0.000000 0.000000 0.000000 0.000000 1.000000</float_array><technique_common><accessor source="#Pelvis-Matrix-animation-output-transform-array" count="67" stride="16"><param type="float4x4"/></accessor></technique_common></source><source id="Pelvis-Interpolations"><Name_array id="Pelvis-Interpolations-array" count="67">
 LINEAR LINEAR LINEAR LINEAR LINEAR LINEAR LINEAR LINEAR LINEAR LINEAR LINEAR
LINEAR LINEAR LINEAR LINEAR LINEAR LINEAR LINEAR LINEAR LINEAR LINEAR LINEAR LINEAR
LINEAR LINEAR LINEAR LINEAR LINEAR LINEAR LINEAR LINEAR LINEAR LINEAR LINEAR LINEAR
LINEAR LINEAR LINEAR LINEAR LINEAR LINEAR LINEAR LINEAR LINEAR LINEAR LINEAR LINEAR
LINEAR LINEAR LINEAR LINEAR LINEAR LINEAR LINEAR LINEAR LINEAR LINEAR LINEAR LINEAR
LINEAR LINEAR LINEAR LINEAR LINEAR LINEAR LINEAR LINEAR</Name_array><technique_common><accessor source="#Pelvis-Interpolations-array" count="67"><param type="name"/></accessor></technique_common></source><sampler id="Pelvis-Matrix-animation-transform"><input semantic="INPUT" source="#Pelvis-Matrix-animation-input"/><input semantic="OUTPUT" source="#Pelvis-Matrix-animation-output-transform"/><input semantic="INTERPOLATION" source="#Pelvis-Interpolations"/></sampler><channel source="#Pelvis-Matrix-animation-transform" target="Pelvis/matrix"/></animation>
    <animation id="LeftUpLeg-anim" name="LeftUpLeg"><source id="LeftUpLeg-Matrix-animation-input"><float_array id="LeftUpLeg-Matrix-animation-input-array" count="67">

0.000000 0.033333 0.066667 0.100000 0.133333 0.166667 0.200000 0.233333 0.266667 0.300000 0.333333 0.366667 0.400000 0.433333 0.466667 0.500000
0.533333 0.566667 0.600000 0.633333 0.666667 0.700000 0.733333 0.766667 0.800000 0.833333 0.866667 0.900000 0.933333 0.966667 1.000000 1.033333
1.066667 1.100000 1.133333 1.166667 1.200000 1.233333 1.266667 1.300000 1.333333 1.366667 1.400000 1.433333 1.466667 1.500000 1.533333 1.566667
1.600000 1.633333 1.666667 1.700000 1.733333 1.766667 1.800000 1.833333 1.866667 1.900000 1.933333 1.966667 2.000000 2.033333 2.066667 2.100000
2.133333 2.166667 2.200000</float_array><technique_common><accessor source="#LeftUpLeg-Matrix-animation-input-array" count="67"><param name="TIME" type="float"/></accessor></technique_common></source><source id="LeftUpLeg-Matrix-animation-output-transform"><float_array id="LeftUpLeg-Matrix-animation-output-transform-array" count="1072">

0.951948 -0.118299 0.282489 8.479700 0.092528 0.990375 0.102935 -4.795500 -0.291947 -0.071851 0.953732 -0.379100 0.000000 0.000000 0.000000 1.000000
0.953242 -0.119963 0.277378 8.479700 0.088998 0.988570 0.121693 -4.795500 -0.288806 -0.091317 0.953023 -0.379100 0.000000 0.000000 0.000000 1.000000
0.954350 -0.121323 0.272939 8.479700 0.083366 0.985670 0.146642 -4.795500 -0.286819 -0.117194 0.950789 -0.379100 0.000000 0.000000 0.000000 1.000000
0.954923 -0.120696 0.271207 8.479700 0.073816 0.981461 0.176876 -4.795500 -0.287528 -0.148884 0.946130 -0.379100 0.000000 0.000000 0.000000 1.000000
0.955432 -0.116164 0.271395 8.479700 0.059343 0.976135 0.208898 -4.795500 -0.289185 -0.183482 0.939525 -0.379100 0.000000 0.000000 0.000000 1.000000
0.956886 -0.106516 0.270227 8.479700 0.039571 0.969466 0.242012 -4.795500 -0.287754 -0.220885 0.931884 -0.379100 0.000000 0.000000 0.000000 1.000000
0.959432 -0.092660 0.266280 8.479700 0.015508 0.960366 0.278309 -4.795500 -0.281515 -0.262889 0.922843 -0.379100 0.000000 0.000000 0.000000 1.000000
0.962546 -0.076264 0.260171 8.479700 -0.009829 0.949174 0.314598 -4.795500 -0.270941 -0.305372 0.912874 -0.379100 0.000000 0.000000 0.000000 1.000000
0.966025 -0.057588 0.251952 8.479700 -0.033451 0.938799 0.342837 -4.795500 -0.256275 -0.339617 0.904977 -0.379100 0.000000 0.000000 0.000000 1.000000
0.969717 -0.037389 0.241354 8.479700 -0.054017 0.930907 0.361239 -4.795500 -0.238184 -0.363337 0.900697 -0.379100 0.000000 0.000000 0.000000 1.000000
0.973084 -0.018199 0.229729 8.479700 -0.072013 0.922941 0.378145 -4.795500 -0.218908 -0.384510 0.896789 -0.379100 0.000000 0.000000 0.000000 1.000000
0.975714 -0.002206 0.219037 8.479700 -0.088669 0.910384 0.404152 -4.795500 -0.200300 -0.413758 0.888079 -0.379100 0.000000 0.000000 0.000000 1.000000
0.977764 0.009816 0.209477 8.479700 -0.103559 0.891209 0.441612 -4.795500 -0.182353 -0.453486 0.872409 -0.379100 0.000000 0.000000 0.000000 1.000000
0.979338 0.017960 0.201431 8.479700 -0.115283 0.867939 0.483106 -4.795500 -0.166153 -0.496346 0.852076 -0.379100 0.000000 0.000000 0.000000 1.000000
0.980047 0.023821 0.197334 8.479700 -0.125656 0.843488 0.522244 -4.795500 -0.154008 -0.536620 0.829651 -0.379100 0.000000 0.000000 0.000000 1.000000
0.979600 0.030812 0.198580 8.479700 -0.138852 0.818128 0.558020 -4.795500 -0.145270 -0.574209 0.805717 -0.379100 0.000000 0.000000 0.000000 1.000000
0.978092 0.041462 0.204003 8.479700 -0.155728 0.796054 0.584848 -4.795500 -0.138148 -0.603804 0.785071 -0.379100 0.000000 0.000000 0.000000 1.000000
0.976050 0.054489 0.210614 8.479700 -0.171493 0.788394 0.590783 -4.795500 -0.133856 -0.612753 0.778856 -0.379100 0.000000 0.000000 0.000000 1.000000
0.974003 0.066851 0.216445 8.479700 -0.182058 0.799578 0.572302 -4.795500 -0.134806 -0.596830 0.790962 -0.379100 0.000000 0.000000 0.000000 1.000000
0.972244 0.076791 0.221009 8.479700 -0.187373 0.821247 0.538930 -4.795500 -0.140118 -0.565382 0.812841 -0.379100 0.000000 0.000000 0.000000 1.000000
0.971760 0.080190 0.221927 8.479700 -0.184803 0.843438 0.504440 -4.795500 -0.146731 -0.531208 0.834439 -0.379100 0.000000 0.000000 0.000000 1.000000
0.973518 0.070280 0.217540 8.479700 -0.168111 0.864940 0.472882 -4.795500 -0.154925 -0.496929 0.853850 -0.379100 0.000000 0.000000 0.000000 1.000000
0.976527 0.042963 0.211065 8.479700 -0.131477 0.895070 0.426102 -4.795500 -0.170611 -0.443851 0.879709 -0.379100 0.000000 0.000000 0.000000 1.000000
0.977265 -0.005382 0.211955 8.479700 -0.074423 0.927362 0.366690 -4.795500 -0.198532 -0.374127 0.905877 -0.379100 0.000000 0.000000 0.000000 1.000000
0.972863 -0.062507 0.222781 8.479700 -0.015141 0.943558 0.330862 -4.795500 -0.230888 -0.325256 0.917006 -0.379100 0.000000 0.000000 0.000000 1.000000
0.967733 -0.101503 0.230628 8.479700 0.014812 0.936609 0.350064 -4.795500 -0.251540 -0.335353 0.907891 -0.379100 0.000000 0.000000 0.000000 1.000000
0.966913 -0.117548 0.226409 8.479700 0.010775 0.905539 0.424126 -4.795500 -0.254877 -0.407653 0.876845 -0.379100 0.000000 0.000000 0.000000 1.000000
0.967250 -0.130070 0.217968 8.479700 0.000095 0.858912 0.512122 -4.795500 -0.253827 -0.495330 0.830795 -0.379100 0.000000 0.000000 0.000000 1.000000
0.963691 -0.147797 0.222388 8.479700 -0.006423 0.819776 0.572648 -4.795500 -0.266944 -0.553284 0.789061 -0.379100 0.000000 0.000000 0.000000 1.000000
0.953136 -0.165064 0.253544 8.479700 -0.020866 0.800188 0.599387 -4.795500 -0.301820 -0.576588 0.759244 -0.379100 0.000000 0.000000 0.000000 1.000000
0.937536 -0.177217 0.299366 8.479700 -0.042409 0.795886 0.603959 -4.795500 -0.345293 -0.578930 0.738656 -0.379100 0.000000 0.000000 0.000000 1.000000
0.923942 -0.178120 0.338531 8.479700 -0.066884 0.796121 0.601429 -4.795500 -0.376639 -0.578328 0.723657 -0.379100 0.000000 0.000000 0.000000 1.000000
0.916913 -0.168098 0.361958 8.479700 -0.088780 0.798323 0.595649 -4.795500 -0.389087 -0.578293 0.717069 -0.379100 0.000000 0.000000 0.000000 1.000000
0.915866 -0.155684 0.370071 8.479700 -0.097185 0.808375 0.580590 -4.795500 -0.389545 -0.567707 0.725233 -0.379100 0.000000 0.000000 0.000000 1.000000
0.918804 -0.145248 0.367017 8.479700 -0.089917 0.828363 0.552929 -4.795500 -0.384335 -0.541035 0.748043 -0.379100 0.000000 0.000000 0.000000 1.000000
0.924381 -0.134601 0.356935 8.479700 -0.075083 0.853180 0.516185 -4.795500 -0.374009 -0.503951 0.778557 -0.379100 0.000000 0.000000 0.000000 1.000000
0.931531 -0.124005 0.341865 8.479700 -0.058390 0.876869 0.477170 -4.795500 -0.358943 -0.464460 0.809590 -0.379100 0.000000 0.000000 0.000000 1.000000
0.938824 -0.117921 0.323581 8.479700 -0.039653 0.896296 0.441680 -4.795500 -0.342108 -0.427490 0.836788 -0.379100 0.000000 0.000000 0.000000 1.000000
0.945625 -0.113998 0.304627 8.479700 -0.021312 0.912840 0.407762 -4.795500 -0.324560 -0.392082 0.860774 -0.379100 0.000000 0.000000 0.000000 1.000000
0.952635 -0.102780 0.286220 8.479700 -0.009551 0.930584 0.365955 -4.795500 -0.303965 -0.351355 0.885525 -0.379100 0.000000 0.000000 0.000000 1.000000
0.958273 -0.095307 0.269498 8.479700 0.000525 0.943366 0.331753 -4.795500 -0.285854 -0.317768 0.904052 -0.379100 0.000000 0.000000 0.000000 1.000000
0.953813 -0.152879 0.258589 8.479700 0.040161 0.917982 0.394583 -4.795500 -0.297704 -0.365973 0.881723 -0.379100 0.000000 0.000000 0.000000 1.000000
0.923905 -0.311890 0.221639 8.479700 0.117864 0.783088 0.610640 -4.795500 -0.364016 -0.538050 0.760259 -0.379100 0.000000 0.000000 0.000000 1.000000
0.873355 -0.478033 0.093470 8.479700 0.186941 0.506160 0.841935 -4.795500 -0.449783 -0.717835 0.531421 -0.379100 0.000000 0.000000 0.000000 1.000000
0.837498 -0.540358 -0.081307 8.479700 0.225578 0.206358 0.952119 -4.795500 -0.497707 -0.815739 0.294717 -0.379100 0.000000 0.000000 0.000000 1.000000
0.843372 -0.490689 -0.218972 8.479700 0.217356 -0.061150 0.974175 -4.795500 -0.491407 -0.869186 0.055081 -0.379100 0.000000 0.000000 0.000000 1.000000
0.869841 -0.413621 -0.268876 8.479700 0.152205 -0.293427 0.943787 -4.795500 -0.469266 -0.861869 -0.192279 -0.379100 0.000000 0.000000 0.000000 1.000000
0.897109 -0.362186 -0.253015 8.479700 0.043085 -0.498230 0.865974 -4.795500 -0.439703 -0.787774 -0.431362 -0.379100 0.000000 0.000000 0.000000 1.000000
0.911989 -0.351164 -0.212035 8.479700 -0.075603 -0.651922 0.754507 -4.795500 -0.403187 -0.672072 -0.621095 -0.379100 0.000000 0.000000 0.000000 1.000000
0.909177 -0.391603 -0.141578 8.479700 -0.206275 -0.718895 0.663808 -4.795500 -0.361729 -0.574315 -0.734381 -0.379100 0.000000 0.000000 0.000000 1.000000
0.884167 -0.465058 -0.044377 8.479700 -0.339363 -0.704657 0.623131 -4.795500 -0.321063 -0.535892 -0.780858 -0.379100 0.000000 0.000000 0.000000 1.000000
0.857306 -0.514209 0.024807 8.479700 -0.419614 -0.670052 0.612335 -4.795500 -0.298246 -0.535368 -0.790209 -0.379100 0.000000 0.000000 0.000000 1.000000
0.852333 -0.521622 0.037934 8.479700 -0.423620 -0.646020 0.634984 -4.795500 -0.306715 -0.557287 -0.771594 -0.379100 0.000000 0.000000 0.000000 1.000000
0.858765 -0.510843 0.039515 8.479700 -0.397740 -0.616038 0.679927 -4.795500 -0.322993 -0.599614 -0.732215 -0.379100 0.000000 0.000000 0.000000 1.000000
0.860811 -0.505797 0.056333 8.479700 -0.381981 -0.568981 0.728252 -4.795500 -0.336295 -0.648406 -0.682990 -0.379100 0.000000 0.000000 0.000000 1.000000
0.861948 -0.499694 0.085744 8.479700 -0.379096 -0.522922 0.763439 -4.795500 -0.336649 -0.690549 -0.640164 -0.379100 0.000000 0.000000 0.000000 1.000000
0.863391 -0.494507 0.100091 8.479700 -0.375458 -0.497218 0.782180 -4.795500 -0.337027 -0.712908 -0.614960 -0.379100 0.000000 0.000000 0.000000 1.000000
0.864282 -0.490232 0.112645 8.479700 -0.376472 -0.481920 0.791215 -4.795500 -0.333593 -0.726241 -0.601073 -0.379100 0.000000 0.000000 0.000000 1.000000
0.861283 -0.493776 0.119904 8.479700 -0.381997 -0.473603 0.793586 -4.795500 -0.335067 -0.729305 -0.596527 -0.379100 0.000000 0.000000 0.000000 1.000000
0.854361 -0.505564 0.120302 8.479700 -0.390537 -0.471882 0.790448 -4.795500 -0.342854 -0.722310 -0.600599 -0.379100 0.000000 0.000000 0.000000 1.000000
0.846705 -0.519217 0.116208 8.479700 -0.398291 -0.473706 0.785472 -4.795500 -0.352782 -0.711348 -0.607889 -0.379100 0.000000 0.000000 0.000000 1.000000
0.842261 -0.527494 0.111114 8.479700 -0.402940 -0.479124 0.779794 -4.795500 -0.358099 -0.701563 -0.616096 -0.379100 0.000000 0.000000 0.000000 1.000000
0.842303 -0.528730 0.104737 8.479700 -0.403097 -0.488914 0.773613 -4.795500 -0.357825 -0.693836 -0.624943 -0.379100 0.000000 0.000000 0.000000 1.000000
0.844914 -0.526518 0.094334 8.479700 -0.398109 -0.501196 0.768317 -4.795500 -0.357253 -0.686717 -0.633080 -0.379100 0.000000 0.000000 0.000000 1.000000
0.847506 -0.524501 0.081441 8.479700 -0.390397 -0.512011 0.765137 -4.795500 -0.359616 -0.680252 -0.638696 -0.379100 0.000000 0.000000 0.000000 1.000000
0.849104 -0.523363 0.071507 8.479700 -0.384209 -0.519017 0.763548 -4.795500 -0.362500 -0.675805 -0.641780 -0.379100 0.000000 0.000000 0.000000 1.000000
0.850176 -0.522187 0.067244 8.479700 -0.381330 -0.522655 0.762509 -4.795500 -0.363027 -0.673908 -0.643474 -0.379100 0.000000 0.000000 0.000000 1.000000</float_array><technique_common><accessor source="#LeftUpLeg-Matrix-animation-output-transform-array" count="67" stride="16"><param type="float4x4"/></accessor></technique_common></source><source id="LeftUpLeg-Interpolations"><Name_array id="LeftUpLeg-Interpolations-array" count="67">
 LINEAR LINEAR LINEAR LINEAR LINEAR LINEAR LINEAR LINEAR LINEAR LINEAR LINEAR
LINEAR LINEAR LINEAR LINEAR LINEAR LINEAR LINEAR LINEAR LINEAR LINEAR LINEAR LINEAR
LINEAR LINEAR LINEAR LINEAR LINEAR LINEAR LINEAR LINEAR LINEAR LINEAR LINEAR LINEAR
LINEAR LINEAR LINEAR LINEAR LINEAR LINEAR LINEAR LINEAR LINEAR LINEAR LINEAR LINEAR
LINEAR LINEAR LINEAR LINEAR LINEAR LINEAR LINEAR LINEAR LINEAR LINEAR LINEAR LINEAR
LINEAR LINEAR LINEAR LINEAR LINEAR LINEAR LINEAR LINEAR</Name_array><technique_common><accessor source="#LeftUpLeg-Interpolations-array" count="67"><param type="name"/></accessor></technique_common></source><sampler id="LeftUpLeg-Matrix-animation-transform"><input semantic="INPUT" source="#LeftUpLeg-Matrix-animation-input"/><input semantic="OUTPUT" source="#LeftUpLeg-Matrix-animation-output-transform"/><input semantic="INTERPOLATION" source="#LeftUpLeg-Interpolations"/></sampler><channel source="#LeftUpLeg-Matrix-animation-transform" target="LeftUpLeg/matrix"/></animation>
    <animation id="LeftLeg-anim" name="LeftLeg"><source id="LeftLeg-Matrix-animation-input"><float_array id="LeftLeg-Matrix-animation-input-array" count="67">

0.000000 0.033333 0.066667 0.100000 0.133333 0.166667 0.200000 0.233333 0.266667 0.300000 0.333333 0.366667 0.400000 0.433333 0.466667 0.500000
0.533333 0.566667 0.600000 0.633333 0.666667 0.700000 0.733333 0.766667 0.800000 0.833333 0.866667 0.900000 0.933333 0.966667 1.000000 1.033333
1.066667 1.100000 1.133333 1.166667 1.200000 1.233333 1.266667 1.300000 1.333333 1.366667 1.400000 1.433333 1.466667 1.500000 1.533333 1.566667
1.600000 1.633333 1.666667 1.700000 1.733333 1.766667 1.800000 1.833333 1.866667 1.900000 1.933333 1.966667 2.000000 2.033333 2.066667 2.100000
2.133333 2.166667 2.200000</float_array><technique_common><accessor source="#LeftLeg-Matrix-animation-input-array" count="67"><param name="TIME" type="float"/></accessor></technique_common></source><source id="LeftLeg-Matrix-animation-output-transform"><float_array id="LeftLeg-Matrix-animation-output-transform-array" count="1072">

0.990631 0.006783 -0.136398 0.485100 -0.031160 0.983647 -0.177394 -32.551498 0.132964 0.179982 0.974642 0.112900 0.000000 0.000000 0.000000 1.000000
0.991095 0.006678 -0.132989 0.485100 -0.032912 0.980039 -0.196061 -32.551498 0.129025 0.198692 0.971532 0.112900 0.000000 0.000000 0.000000 1.000000
0.994151 0.005558 -0.107858 0.485100 -0.029982 0.973626 -0.226173 -32.551498 0.103756 0.228084 0.968097 0.112900 0.000000 0.000000 0.000000 1.000000
0.998275 0.003318 -0.058611 0.485100 -0.018981 0.963019 -0.268765 -32.551498 0.055551 0.269414 0.961421 0.112900 0.000000 0.000000 0.000000 1.000000
0.999896 0.001422 -0.014385 0.485100 -0.005948 0.947462 -0.319812 -32.551498 0.013175 0.319864 0.947372 0.112900 0.000000 0.000000 0.000000 1.000000
0.999989 0.001294 -0.004545 0.485100 -0.002898 0.927617 -0.373522 -32.551498 0.003733 0.373531 0.927610 0.112900 0.000000 0.000000 0.000000 1.000000
0.999724 0.002615 -0.023346 0.485100 -0.012288 0.905200 -0.424808 -32.551498 0.020022 0.424978 0.904982 0.112900 0.000000 0.000000 0.000000 1.000000
0.999065 0.003954 -0.043048 0.485100 -0.023587 0.884379 -0.466172 -32.551498 0.036228 0.466752 0.883646 0.112900 0.000000 0.000000 0.000000 1.000000
0.998714 0.004553 -0.050500 0.485100 -0.028731 0.871455 -0.489633 -32.551498 0.041779 0.490454 0.870465 0.112900 0.000000 0.000000 0.000000 1.000000
0.998599 0.004729 -0.052699 0.485100 -0.030274 0.867909 -0.495800 -32.551498 0.043393 0.496701 0.866837 0.112900 0.000000 0.000000 0.000000 1.000000
