<?xml version="1.0" encoding="utf-8"?>
<COLLADA xmlns="http://www.collada.org/2005/11/COLLADASchema" version="1.4.1">
  <asset><contributor><author>Mixamo</author><authoring_tool>COLLADA Mixamo exporter</authoring_tool><comments></comments></contributor><created>2018-11-10T05:27:02Z</created><modified>2018-11-10T05:27:02Z</modified><revision></revision><title></title><unit meter="0.010000"/><up_axis>Y_UP</up_axis></asset>
  <library_animations>
    <animation id="Hips-anim" name="Hips"><source id="Hips-Matrix-animation-input"><float_array id="Hips-Matrix-animation-input-array" count="211">

0.000000 0.033333 0.066667 0.100000 0.133333 0.166667 0.200000 0.233333 0.266667 0.300000 0.333333 0.366667 0.400000 0.433333 0.466667 0.500000
0.533333 0.566667 0.600000 0.633333 0.666667 0.700000 0.733333 0.766667 0.800000 0.833333 0.866667 0.900000 0.933333 0.966667 1.000000 1.033333
1.066667 1.100000 1.133333 1.166667 1.200000 1.233333 1.266667 1.300000 1.333333 1.366667 1.400000 1.433333 1.466667 1.500000 1.533333 1.566667
1.600000 1.633333 1.666667 1.700000 1.733333 1.766667 1.800000 1.833333 1.866667 1.900000 1.933333 1.966667 2.000000 2.033333 2.066667 2.100000
2.133333 2.166667 2.200000 2.233333 2.266667 2.300000 2.333333 2.366667 2.400000 2.433333 2.466667 2.500000 2.533333 2.566667 2.600000 2.633333
2.666667 2.700000 2.733333 2.766667 2.800000 2.833333 2.866667 2.900000 2.933333 2.966667 3.000000 3.033333 3.066667 3.100000 3.133333 3.166667
3.200000 3.233333 3.266667 3.300000 3.333333 3.366667 3.400000 3.433333 3.466667 3.500000 3.533333 3.566667 3.600000 3.633333 3.666667 3.700000
3.733333 3.766667 3.800000 3.833333 3.866667 3.900000 3.933333 3.966667 4.000000 4.033333 4.066667 4.100000 4.133333 4.166667 4.200000 4.233333
4.266667 4.300000 4.333333 4.366667 4.400000 4.433333 4.466667 4.500000 4.533333 4.566667 4.600000 4.633333 4.666667 4.700000 4.733333 4.766667
4.800000 4.833333 4.866667 4.900000 4.933333 4.966667 5.000000 5.033333 5.066667 5.100000 5.133333 5.166667 5.200000 5.233333 5.266667 5.300000
5.333333 5.366667 5.400000 5.433333 5.466667 5.500000 5.533333 5.566667 5.600000 5.633333 5.666667 5.700000 5.733333 5.766667 5.800000 5.833333
5.866667 5.900000 5.933333 5.966667 6.000000 6.033333 6.066667 6.100000 6.133333 6.166667 6.200000 6.233333 6.266667 6.300000 6.333333 6.366667
6.400000 6.433333 6.466667 6.500000 6.533333 6.566667 6.600000 6.633333 6.666667 6.700000 6.733333 6.766667 6.800000 6.833333 6.866667 6.900000
6.933333 6.966667 7.000000</float_array><technique_common><accessor source="#Hips-Matrix-animation-input-array" count="211"><param name="TIME" type="float"/></accessor></technique_common></source><source id="Hips-Matrix-animation-output-transform"><float_array id="Hips-Matrix-animation-output-transform-array" count="3376">

0.999072 -0.033190 -0.027435 -0.033016 0.037254 0.985731 0.164156 45.401192 0.021596 -0.165025 0.986053 0.944784 0.000000 0.000000 0.000000 1.000000
0.999018 -0.033798 -0.028636 -0.036771 0.038033 0.985842 0.163308 45.398071 0.022711 -0.164237 0.986159 0.947284 0.000000 0.000000 0.000000 1.000000
0.999068 -0.033287 -0.027480 -0.035929 0.037356 0.985738 0.164091 45.396847 0.021626 -0.164965 0.986062 0.940807 0.000000 0.000000 0.000000 1.000000
0.999077 -0.033206 -0.027232 -0.036086 0.037237 0.985728 0.164178 45.392254 0.021392 -0.165040 0.986055 0.933519 0.000000 0.000000 0.000000 1.000000
0.999087 -0.033057 -0.027061 -0.035920 0.037060 0.985746 0.164107 45.385887 0.021250 -0.164960 0.986071 0.925663 0.000000 0.000000 0.000000 1.000000
0.999092 -0.033101 -0.026829 -0.034715 0.037063 0.985765 0.163991 45.376823 0.021019 -0.164836 0.986097 0.919616 0.000000 0.000000 0.000000 1.000000
0.999097 -0.033033 -0.026710 -0.031816 0.036957 0.985925 0.163054 45.373055 0.020948 -0.163894 0.986256 0.916371 0.000000 0.000000 0.000000 1.000000
0.999116 -0.032892 -0.026190 -0.027682 0.036726 0.985985 0.162740 45.374741 0.020470 -0.163557 0.986321 0.918269 0.000000 0.000000 0.000000 1.000000
0.999111 -0.032833 -0.026454 -0.027061 0.036705 0.986028 0.162484 45.374115 0.020749 -0.163310 0.986357 0.916400 0.000000 0.000000 0.000000 1.000000
0.999087 -0.032973 -0.027170 -0.030725 0.036949 0.986108 0.161945 45.368191 0.021452 -0.162801 0.986426 0.917733 0.000000 0.000000 0.000000 1.000000
0.999074 -0.033070 -0.027524 -0.038044 0.037086 0.986218 0.161243 45.360962 0.021813 -0.162114 0.986531 0.920335 0.000000 0.000000 0.000000 1.000000
0.999067 -0.033290 -0.027530 -0.042909 0.037280 0.986390 0.160141 45.359276 0.021825 -0.161018 0.986710 0.923230 0.000000 0.000000 0.000000 1.000000
0.999058 -0.033311 -0.027794 -0.047919 0.037335 0.986451 0.159749 45.355007 0.022096 -0.160637 0.986766 0.924831 0.000000 0.000000 0.000000 1.000000
0.999030 -0.033728 -0.028314 -0.051653 0.037811 0.986573 0.158885 45.358082 0.022575 -0.159802 0.986891 0.929008 0.000000 0.000000 0.000000 1.000000
0.999021 -0.033843 -0.028475 -0.055050 0.037946 0.986592 0.158735 45.359879 0.022721 -0.159660 0.986911 0.933440 0.000000 0.000000 0.000000 1.000000
0.999011 -0.034116 -0.028498 -0.053634 0.038202 0.986707 0.157956 45.364594 0.022730 -0.158889 0.987035 0.940735 0.000000 0.000000 0.000000 1.000000
0.998965 -0.034722 -0.029382 -0.053079 0.038914 0.986862 0.156808 45.369968 0.023551 -0.157789 0.987192 0.951545 0.000000 0.000000 0.000000 1.000000
0.998945 -0.035217 -0.029469 -0.051079 0.039411 0.986881 0.156568 45.373707 0.023568 -0.157564 0.987227 0.960100 0.000000 0.000000 0.000000 1.000000
0.998929 -0.035558 -0.029591 -0.053963 0.039751 0.986971 0.155910 45.377815 0.023662 -0.156920 0.987328 0.964960 0.000000 0.000000 0.000000 1.000000
0.998913 -0.035865 -0.029778 -0.057076 0.040068 0.987061 0.155260 45.379593 0.023825 -0.156284 0.987425 0.970167 0.000000 0.000000 0.000000 1.000000
0.998903 -0.036060 -0.029886 -0.056381 0.040249 0.987238 0.154084 45.389839 0.023948 -0.155117 0.987606 0.977691 0.000000 0.000000 0.000000 1.000000
0.998893 -0.036158 -0.030092 -0.048524 0.040351 0.987407 0.152968 45.400341 0.024182 -0.154013 0.987773 0.983274 0.000000 0.000000 0.000000 1.000000
0.998878 -0.036305 -0.030422 -0.040715 0.040515 0.987596 0.151702 45.404671 0.024537 -0.152764 0.987958 0.983762 0.000000 0.000000 0.000000 1.000000
0.998841 -0.036830 -0.030997 -0.040067 0.041075 0.987854 0.149855 45.407829 0.025102 -0.150954 0.988222 0.997342 0.000000 0.000000 0.000000 1.000000
0.998782 -0.037388 -0.032211 -0.057716 0.041756 0.988137 0.147787 45.409332 0.026304 -0.148952 0.988494 1.013475 0.000000 0.000000 0.000000 1.000000
0.998736 -0.037952 -0.032942 -0.089153 0.042381 0.988339 0.146253 45.410698 0.027007 -0.147465 0.988699 1.041732 0.000000 0.000000 0.000000 1.000000
0.998712 -0.038490 -0.033068 -0.125890 0.042866 0.988668 0.143868 45.415611 0.027156 -0.145100 0.989044 1.083631 0.000000 0.000000 0.000000 1.000000
0.998669 -0.038896 -0.033879 -0.160829 0.043320 0.988987 0.141524 45.417229 0.028001 -0.142803 0.989355 1.132380 0.000000 0.000000 0.000000 1.000000
0.998668 -0.039006 -0.033774 -0.128593 0.043352 0.989294 0.139347 45.410778 0.027977 -0.140626 0.989667 1.034276 0.000000 0.000000 0.000000 1.000000
0.998696 -0.038429 -0.033607 -0.112513 0.042706 0.989577 0.137528 45.415543 0.027972 -0.138784 0.989928 1.051810 0.000000 0.000000 0.000000 1.000000
0.998734 -0.038010 -0.032938 -0.089969 0.042130 0.989939 0.135075 45.420792 0.027472 -0.136291 0.990288 1.064578 0.000000 0.000000 0.000000 1.000000
0.998776 -0.037582 -0.032158 -0.065511 0.041564 0.990142 0.133756 45.417526 0.026814 -0.134929 0.990492 1.088273 0.000000 0.000000 0.000000 1.000000
0.998800 -0.036912 -0.032200 -0.054928 0.040880 0.990294 0.132842 45.403770 0.026984 -0.133999 0.990614 1.101019 0.000000 0.000000 0.000000 1.000000
0.998823 -0.036650 -0.031781 -0.043649 0.040541 0.990427 0.131950 45.396072 0.026641 -0.133083 0.990747 1.087362 0.000000 0.000000 0.000000 1.000000
0.998820 -0.036148 -0.032448 -0.035781 0.040109 0.990552 0.131138 45.389839 0.027401 -0.132285 0.990833 1.084465 0.000000 0.000000 0.000000 1.000000
0.998898 -0.034654 -0.031665 -0.025505 0.038564 0.990414 0.132640 45.386086 0.026765 -0.133715 0.990658 1.082960 0.000000 0.000000 0.000000 1.000000
0.998924 -0.034449 -0.031066 -0.019936 0.038286 0.990399 0.132833 45.387787 0.026192 -0.133880 0.990651 1.076045 0.000000 0.000000 0.000000 1.000000
0.998915 -0.034325 -0.031484 -0.014907 0.038187 0.990563 0.131630 45.387783 0.026668 -0.132689 0.990799 1.071301 0.000000 0.000000 0.000000 1.000000
0.998930 -0.034228 -0.031086 -0.013902 0.038032 0.990600 0.131394 45.385147 0.026297 -0.132436 0.990843 1.058620 0.000000 0.000000 0.000000 1.000000
0.998952 -0.033752 -0.030926 -0.007525 0.037531 0.990659 0.131096 45.377506 0.026212 -0.132119 0.990887 1.047398 0.000000 0.000000 0.000000 1.000000
0.998946 -0.033527 -0.031360 -0.000351 0.037329 0.990840 0.129781 45.373100 0.026722 -0.130815 0.991047 1.040120 0.000000 0.000000 0.000000 1.000000
0.998946 -0.033465 -0.031404 0.004791 0.037228 0.991066 0.128074 45.376034 0.026837 -0.129108 0.991267 1.043958 0.000000 0.000000 0.000000 1.000000
0.998937 -0.033534 -0.031642 0.015188 0.037261 0.991370 0.125685 45.386417 0.027154 -0.126730 0.991566 1.059430 0.000000 0.000000 0.000000 1.000000
0.998926 -0.033782 -0.031710 0.018392 0.037415 0.991825 0.122000 45.404083 0.027329 -0.123055 0.992023 1.091648 0.000000 0.000000 0.000000 1.000000
0.999033 -0.033620 -0.028334 0.029927 0.036857 0.991746 0.122802 45.422455 0.023972 -0.123728 0.992027 1.109359 0.000000 0.000000 0.000000 1.000000
0.999013 -0.034386 -0.028134 0.024918 0.037488 0.992257 0.118408 45.457359 0.023845 -0.119346 0.992566 1.147594 0.000000 0.000000 0.000000 1.000000
0.999069 -0.034688 -0.025652 0.019715 0.037443 0.992524 0.116166 45.490013 0.021431 -0.117019 0.992898 1.181227 0.000000 0.000000 0.000000 1.000000
0.999067 -0.035356 -0.024817 0.004588 0.037912 0.993041 0.111496 45.514568 0.020702 -0.112333 0.993455 1.213962 0.000000 0.000000 0.000000 1.000000
0.999053 -0.036025 -0.024411 -0.008070 0.038481 0.993294 0.109022 45.525394 0.020320 -0.109858 0.993740 1.225285 0.000000 0.000000 0.000000 1.000000
0.999037 -0.036727 -0.024025 -0.022125 0.039095 0.993496 0.106947 45.529449 0.019941 -0.107783 0.993974 1.238268 0.000000 0.000000 0.000000 1.000000
0.999016 -0.037409 -0.023815 -0.032188 0.039711 0.993683 0.104966 45.533180 0.019738 -0.105809 0.994191 1.242218 0.000000 0.000000 0.000000 1.000000
0.999003 -0.037844 -0.023666 -0.043211 0.040088 0.993878 0.102953 45.538506 0.019625 -0.103799 0.994405 1.247684 0.000000 0.000000 0.000000 1.000000
0.998989 -0.038287 -0.023550 -0.054249 0.040478 0.994065 0.100972 45.546059 0.019545 -0.101823 0.994611 1.258533 0.000000 0.000000 0.000000 1.000000
0.998975 -0.038668 -0.023537 -0.063914 0.040813 0.994270 0.098801 45.559654 0.019581 -0.099661 0.994829 1.272264 0.000000 0.000000 0.000000 1.000000
0.998960 -0.039045 -0.023541 -0.069764 0.041151 0.994446 0.096865 45.572601 0.019629 -0.097733 0.995019 1.282327 0.000000 0.000000 0.000000 1.000000
0.998933 -0.039553 -0.023823 -0.077029 0.041659 0.994545 0.095630 45.580315 0.019911 -0.096521 0.995132 1.302030 0.000000 0.000000 0.000000 1.000000
0.998925 -0.039645 -0.024017 -0.078455 0.041717 0.994789 0.093027 45.604008 0.020204 -0.093929 0.995374 1.316359 0.000000 0.000000 0.000000 1.000000
0.998916 -0.039659 -0.024367 -0.086386 0.041728 0.994952 0.091265 45.618992 0.020624 -0.092183 0.995528 1.352897 0.000000 0.000000 0.000000 1.000000
0.998899 -0.039808 -0.024810 -0.091239 0.041887 0.995077 0.089821 45.629353 0.021112 -0.090762 0.995649 1.379024 0.000000 0.000000 0.000000 1.000000
0.998898 -0.039590 -0.025212 -0.096067 0.041677 0.995205 0.088488 45.636726 0.021587 -0.089442 0.995758 1.399580 0.000000 0.000000 0.000000 1.000000
0.998881 -0.039684 -0.025745 -0.097919 0.041797 0.995288 0.087495 45.637905 0.022151 -0.088474 0.995832 1.408521 0.000000 0.000000 0.000000 1.000000
0.998872 -0.039543 -0.026285 -0.099536 0.041685 0.995362 0.086696 45.635601 0.022735 -0.087693 0.995888 1.412028 0.000000 0.000000 0.000000 1.000000
0.998864 -0.039315 -0.026925 -0.099812 0.041499 0.995429 0.086012 45.632729 0.023421 -0.087032 0.995930 1.411487 0.000000 0.000000 0.000000 1.000000
0.998832 -0.039540 -0.027768 -0.095988 0.041787 0.995449 0.085646 45.628036 0.024256 -0.086707 0.995939 1.405660 0.000000 0.000000 0.000000 1.000000
0.998829 -0.039067 -0.028535 -0.092648 0.041356 0.995558 0.084578 45.631458 0.025104 -0.085659 0.996008 1.404319 0.000000 0.000000 0.000000 1.000000
0.998819 -0.038768 -0.029292 -0.089487 0.041106 0.995623 0.083937 45.632843 0.025910 -0.085042 0.996040 1.404410 0.000000 0.000000 0.000000 1.000000
0.998799 -0.038636 -0.030130 -0.084394 0.041031 0.995670 0.083411 45.633438 0.026777 -0.084547 0.996060 1.406924 0.000000 0.000000 0.000000 1.000000
0.998786 -0.038476 -0.030749 -0.081998 0.040916 0.995698 0.083130 45.632259 0.027418 -0.084288 0.996064 1.408776 0.000000 0.000000 0.000000 1.000000
0.998763 -0.038641 -0.031295 -0.081071 0.041128 0.995684 0.083201 45.628689 0.027945 -0.084385 0.996041 1.404049 0.000000 0.000000 0.000000 1.000000
0.998755 -0.038503 -0.031705 -0.083395 0.041032 0.995671 0.083402 45.621681 0.028357 -0.084599 0.996012 1.395461 0.000000 0.000000 0.000000 1.000000
0.998693 -0.039472 -0.032459 -0.079186 0.042070 0.995605 0.083676 45.616558 0.029014 -0.084932 0.995964 1.379279 0.000000 0.000000 0.000000 1.000000
0.998721 -0.038563 -0.032713 -0.085048 0.041198 0.995605 0.084103 45.604027 0.029326 -0.085343 0.995920 1.366251 0.000000 0.000000 0.000000 1.000000
0.998715 -0.038359 -0.033123 -0.084536 0.041041 0.995579 0.084487 45.596161 0.029736 -0.085737 0.995874 1.348449 0.000000 0.000000 0.000000 1.000000
0.998684 -0.038641 -0.033720 -0.083066 0.041385 0.995532 0.084876 45.593597 0.030290 -0.086159 0.995821 1.339816 0.000000 0.000000 0.000000 1.000000
0.998702 -0.037839 -0.034101 -0.086268 0.040633 0.995521 0.085361 45.589184 0.030718 -0.086636 0.995766 1.334962 0.000000 0.000000 0.000000 1.000000
0.998687 -0.037788 -0.034597 -0.086894 0.040649 0.995457 0.086098 45.586441 0.031187 -0.087391 0.995686 1.336104 0.000000 0.000000 0.000000 1.000000
0.998671 -0.037805 -0.035034 -0.088874 0.040728 0.995386 0.086878 45.584606 0.031588 -0.088190 0.995603 1.335506 0.000000 0.000000 0.000000 1.000000
0.998651 -0.037944 -0.035439 -0.089743 0.040935 0.995289 0.087884 45.580902 0.031937 -0.089216 0.995500 1.330842 0.000000 0.000000 0.000000 1.000000
0.998636 -0.038070 -0.035723 -0.090888 0.041126 0.995172 0.089114 45.573517 0.032158 -0.090462 0.995381 1.320281 0.000000 0.000000 0.000000 1.000000
0.998622 -0.038165 -0.036031 -0.090418 0.041296 0.995033 0.090577 45.561913 0.032395 -0.091940 0.995237 1.305980 0.000000 0.000000 0.000000 1.000000
0.998606 -0.038188 -0.036439 -0.086855 0.041472 0.994702 0.094062 45.546207 0.032654 -0.095442 0.994899 1.282896 0.000000 0.000000 0.000000 1.000000
0.998636 -0.038192 -0.035594 -0.086935 0.041508 0.994357 0.097626 45.535984 0.031665 -0.098970 0.994586 1.263396 0.000000 0.000000 0.000000 1.000000
0.998660 -0.038121 -0.035006 -0.083533 0.041512 0.993929 0.101891 45.527664 0.030910 -0.103207 0.994179 1.241455 0.000000 0.000000 0.000000 1.000000
0.998685 -0.038008 -0.034411 -0.080639 0.041500 0.993371 0.107195 45.516041 0.030109 -0.108483 0.993642 1.214821 0.000000 0.000000 0.000000 1.000000
0.998658 -0.037747 -0.035463 -0.077897 0.041495 0.992874 0.111714 45.504532 0.030994 -0.113036 0.993107 1.189675 0.000000 0.000000 0.000000 1.000000
0.998647 -0.037510 -0.036025 -0.076955 0.041488 0.992274 0.116927 45.487476 0.031361 -0.118263 0.992487 1.162983 0.000000 0.000000 0.000000 1.000000
0.998672 -0.037094 -0.035753 -0.073977 0.041165 0.991820 0.120823 45.468262 0.030979 -0.122135 0.992030 1.137678 0.000000 0.000000 0.000000 1.000000
0.998702 -0.036952 -0.035060 -0.075799 0.041069 0.991294 0.125094 45.449032 0.030132 -0.126372 0.991525 1.103009 0.000000 0.000000 0.000000 1.000000
0.998759 -0.036305 -0.034080 -0.071097 0.040435 0.990746 0.129569 45.419342 0.029061 -0.130786 0.990985 1.061944 0.000000 0.000000 0.000000 1.000000
0.998782 -0.036047 -0.033687 -0.068109 0.040219 0.990335 0.132734 45.398788 0.028576 -0.133927 0.990579 1.018716 0.000000 0.000000 0.000000 1.000000
0.998806 -0.035668 -0.033371 -0.058698 0.039909 0.989832 0.136527 45.390583 0.028162 -0.137696 0.990074 1.009305 0.000000 0.000000 0.000000 1.000000
0.998821 -0.035517 -0.033095 -0.050996 0.039784 0.989531 0.138730 45.392448 0.027822 -0.139883 0.989777 0.987146 0.000000 0.000000 0.000000 1.000000
0.998855 -0.035322 -0.032266 -0.032795 0.039540 0.989195 0.141175 45.398262 0.026931 -0.142289 0.989459 0.954172 0.000000 0.000000 0.000000 1.000000
0.998868 -0.035317 -0.031850 -0.019274 0.039509 0.989022 0.142387 45.403599 0.026472 -0.143484 0.989298 0.947224 0.000000 0.000000 0.000000 1.000000
0.998898 -0.035335 -0.030905 0.004551 0.039418 0.988874 0.143441 45.403702 0.025493 -0.144501 0.989176 0.885779 0.000000 0.000000 0.000000 1.000000
0.998893 -0.035846 -0.030444 0.010814 0.039869 0.988794 0.143863 45.402515 0.024946 -0.144918 0.989129 0.873533 0.000000 0.000000 0.000000 1.000000
0.998908 -0.036262 -0.029457 -0.009062 0.040149 0.988712 0.144347 45.406242 0.023890 -0.145372 0.989089 0.918431 0.000000 0.000000 0.000000 1.000000
0.998901 -0.036767 -0.029083 -0.015405 0.040612 0.988581 0.145115 45.403198 0.023416 -0.146136 0.988987 0.920357 0.000000 0.000000 0.000000 1.000000
0.998909 -0.036818 -0.028736 -0.026398 0.040638 0.988417 0.146222 45.400055 0.023019 -0.147230 0.988834 0.918341 0.000000 0.000000 0.000000 1.000000
0.998919 -0.036683 -0.028552 -0.032200 0.040494 0.988316 0.146939 45.401802 0.022828 -0.147936 0.988733 0.926698 0.000000 0.000000 0.000000 1.000000
0.998908 -0.036568 -0.029079 -0.037843 0.040477 0.988193 0.147771 45.398861 0.023332 -0.148787 0.988594 0.898031 0.000000 0.000000 0.000000 1.000000
0.998939 -0.036720 -0.027798 -0.035821 0.040460 0.988041 0.148786 45.398067 0.022002 -0.149753 0.988479 0.871480 0.000000 0.000000 0.000000 1.000000
0.998860 -0.036915 -0.030271 -0.035072 0.041033 0.987958 0.149179 45.408234 0.024399 -0.150251 0.988347 0.866714 0.000000 0.000000 0.000000 1.000000
0.998884 -0.036608 -0.029851 -0.029237 0.040700 0.987760 0.150577 45.408951 0.023974 -0.151624 0.988147 0.872426 0.000000 0.000000 0.000000 1.000000
0.998867 -0.037113 -0.029800 -0.025098 0.041180 0.987819 0.150057 45.417198 0.023868 -0.151114 0.988228 0.893557 0.000000 0.000000 0.000000 1.000000
0.998839 -0.037416 -0.030355 -0.034261 0.041564 0.987797 0.150096 45.424232 0.024368 -0.151184 0.988205 0.914267 0.000000 0.000000 0.000000 1.000000
0.998884 -0.037171 -0.029137 -0.046311 0.041102 0.988042 0.148607 45.426800 0.023264 -0.149638 0.988467 0.946959 0.000000 0.000000 0.000000 1.000000
0.998879 -0.037312 -0.029144 -0.067423 0.041172 0.988484 0.145620 45.438179 0.023375 -0.146656 0.988911 0.973419 0.000000 0.000000 0.000000 1.000000
0.998961 -0.037162 -0.026383 -0.092422 0.040563 0.988898 0.142950 45.437469 0.020777 -0.143872 0.989378 0.986609 0.000000 0.000000 0.000000 1.000000
0.999020 -0.037217 -0.023962 -0.100819 0.040213 0.989341 0.139953 45.421875 0.018498 -0.140780 0.989868 1.030501 0.000000 0.000000 0.000000 1.000000
0.999085 -0.037233 -0.021038 -0.113229 0.039793 0.989580 0.138376 45.405495 0.015666 -0.139087 0.990156 1.031957 0.000000 0.000000 0.000000 1.000000
0.999178 -0.036396 -0.017824 -0.113684 0.038500 0.989814 0.137065 45.368763 0.012654 -0.137638 0.990402 1.073127 0.000000 0.000000 0.000000 1.000000
0.999244 -0.035911 -0.014896 -0.114399 0.037611 0.989923 0.136524 45.341949 0.009843 -0.136981 0.990525 1.118713 0.000000 0.000000 0.000000 1.000000
0.999286 -0.035839 -0.011971 -0.113640 0.037128 0.990167 0.134872 45.332230 0.007020 -0.135220 0.990791 1.165875 0.000000 0.000000 0.000000 1.000000
0.999346 -0.035061 -0.008806 -0.107787 0.035927 0.990286 0.134327 45.312473 0.004011 -0.134556 0.990898 1.183624 0.000000 0.000000 0.000000 1.000000
0.999401 -0.034090 -0.006032 -0.110882 0.034589 0.990498 0.133110 45.277534 0.001437 -0.133239 0.991083 1.226324 0.000000 0.000000 0.000000 1.000000
0.999000 -0.040017 -0.019918 -0.061946 0.042668 0.986509 0.158051 45.241978 0.013325 -0.158742 0.987230 1.145518 0.000000 0.000000 0.000000 1.000000
0.999009 -0.039926 -0.019669 -0.056681 0.042569 0.986139 0.160365 45.218777 0.012993 -0.161043 0.986862 1.153902 0.000000 0.000000 0.000000 1.000000
0.999007 -0.039905 -0.019821 -0.063412 0.042616 0.985608 0.163589 45.205788 0.013008 -0.164271 0.986329 1.149716 0.000000 0.000000 0.000000 1.000000
0.998997 -0.039994 -0.020141 -0.071855 0.042790 0.985177 0.166118 45.207073 0.013198 -0.166813 0.985900 1.135882 0.000000 0.000000 0.000000 1.000000
0.998999 -0.040175 -0.019647 -0.081215 0.042905 0.984921 0.167603 45.218552 0.012617 -0.168278 0.985659 1.102882 0.000000 0.000000 0.000000 1.000000
0.999007 -0.040304 -0.019008 -0.083471 0.042938 0.984738 0.168666 45.245888 0.011920 -0.169315 0.985490 1.057986 0.000000 0.000000 0.000000 1.000000
0.999039 -0.040007 -0.017885 -0.079090 0.042464 0.984617 0.169487 45.303574 0.010829 -0.170084 0.985370 0.969085 0.000000 0.000000 0.000000 1.000000
0.999030 -0.040325 -0.017681 -0.062312 0.042763 0.984280 0.171361 45.419373 0.010493 -0.171951 0.985050 0.818317 0.000000 0.000000 0.000000 1.000000
0.999081 -0.038900 -0.017996 -0.035730 0.041423 0.984182 0.172248 45.438873 0.011011 -0.172835 0.984889 0.816344 0.000000 0.000000 0.000000 1.000000
0.999151 -0.037343 -0.017391 -0.025329 0.039792 0.984111 0.173035 45.405647 0.010653 -0.173580 0.984762 0.870289 0.000000 0.000000 0.000000 1.000000
0.999129 -0.038045 -0.017134 -0.018933 0.040422 0.984388 0.171305 45.400085 0.010349 -0.171849 0.985069 0.931169 0.000000 0.000000 0.000000 1.000000
0.999099 -0.038983 -0.016776 -0.030024 0.041269 0.984605 0.169855 45.417915 0.009896 -0.170394 0.985326 0.982699 0.000000 0.000000 0.000000 1.000000
0.999105 -0.038237 -0.018109 -0.034755 0.040765 0.984560 0.170232 45.416328 0.011320 -0.170818 0.985238 0.991984 0.000000 0.000000 0.000000 1.000000
0.999111 -0.037831 -0.018622 -0.041154 0.040445 0.984691 0.169549 45.406670 0.011923 -0.170152 0.985346 0.981101 0.000000 0.000000 0.000000 1.000000
0.999069 -0.038931 -0.018587 -0.051652 0.041507 0.984893 0.168118 45.406158 0.011761 -0.168733 0.985592 0.953372 0.000000 0.000000 0.000000 1.000000
0.999025 -0.040102 -0.018451 -0.061542 0.042638 0.984832 0.168193 45.418648 0.011427 -0.168815 0.985581 0.917219 0.000000 0.000000 0.000000 1.000000
0.999030 -0.039870 -0.018672 -0.066924 0.042470 0.984513 0.170091 45.428837 0.011601 -0.170720 0.985251 0.898879 0.000000 0.000000 0.000000 1.000000
0.999040 -0.039341 -0.019288 -0.073641 0.042064 0.984376 0.170979 45.421467 0.012260 -0.171626 0.985086 0.894801 0.000000 0.000000 0.000000 1.000000
0.999027 -0.039678 -0.019279 -0.077991 0.042386 0.984490 0.170243 45.415829 0.012225 -0.170894 0.985214 0.902149 0.000000 0.000000 0.000000 1.000000
0.999033 -0.039839 -0.018595 -0.071156 0.042422 0.984575 0.169745 45.406143 0.011546 -0.170370 0.985313 0.912610 0.000000 0.000000 0.000000 1.000000
0.999058 -0.039475 -0.018017 -0.049710 0.041959 0.984673 0.169288 45.402176 0.011058 -0.169884 0.985402 0.923449 0.000000 0.000000 0.000000 1.000000
0.999055 -0.039514 -0.018103 -0.028292 0.041991 0.985001 0.167360 45.382267 0.011218 -0.167962 0.985730 0.968066 0.000000 0.000000 0.000000 1.000000
0.999073 -0.039537 -0.017041 -0.011905 0.041821 0.985228 0.166060 45.357002 0.010224 -0.166619 0.985968 1.014775 0.000000 0.000000 0.000000 1.000000
0.999068 -0.039680 -0.016987 0.001534 0.041947 0.985328 0.165436 45.339706 0.010173 -0.165995 0.986074 1.046733 0.000000 0.000000 0.000000 1.000000
0.999084 -0.039481 -0.016535 0.009414 0.041668 0.985460 0.164720 45.329048 0.009791 -0.165258 0.986202 1.069647 0.000000 0.000000 0.000000 1.000000
0.999124 -0.038877 -0.015504 0.014666 0.040898 0.985585 0.164163 45.325279 0.008898 -0.164653 0.986311 1.074546 0.000000 0.000000 0.000000 1.000000
0.999117 -0.038539 -0.016745 0.023305 0.040758 0.985750 0.163204 45.326019 0.010216 -0.163742 0.986450 1.072281 0.000000 0.000000 0.000000 1.000000
0.999142 -0.037526 -0.017515 0.034984 0.039896 0.985624 0.164177 45.340752 0.011103 -0.164735 0.986275 1.029554 0.000000 0.000000 0.000000 1.000000
0.999180 -0.036171 -0.018216 0.043930 0.038674 0.985695 0.164044 45.397198 0.012022 -0.164614 0.986285 0.954957 0.000000 0.000000 0.000000 1.000000
0.999218 -0.034846 -0.018679 0.043274 0.037450 0.985648 0.164609 45.430481 0.012674 -0.165180 0.986182 0.895182 0.000000 0.000000 0.000000 1.000000
0.999215 -0.035150 -0.018281 0.021685 0.037688 0.985585 0.164929 45.399162 0.012220 -0.165488 0.986136 0.926358 0.000000 0.000000 0.000000 1.000000
0.999193 -0.035866 -0.018088 0.008165 0.038342 0.985837 0.163265 45.401093 0.011976 -0.163827 0.986416 0.976951 0.000000 0.000000 0.000000 1.000000
0.999177 -0.034295 -0.021665 -0.008805 0.037355 0.986116 0.161799 45.417854 0.015815 -0.162475 0.986586 1.014395 0.000000 0.000000 0.000000 1.000000
0.999183 -0.032429 -0.024100 -0.015516 0.035969 0.985644 0.164961 45.417015 0.018405 -0.165693 0.986006 1.000346 0.000000 0.000000 0.000000 1.000000
0.999125 -0.032749 -0.026024 -0.019813 0.036611 0.985556 0.165343 45.412910 0.020234 -0.166151 0.985893 0.986141 0.000000 0.000000 0.000000 1.000000
0.999038 -0.033719 -0.028026 -0.019857 0.037831 0.986022 0.162264 45.411011 0.022163 -0.163168 0.986349 0.980609 0.000000 0.000000 0.000000 1.000000
0.999067 -0.033181 -0.027654 -0.019210 0.037245 0.986008 0.162485 45.412895 0.021875 -0.163364 0.986323 0.950442 0.000000 0.000000 0.000000 1.000000
0.999086 -0.031868 -0.028489 -0.023951 0.036150 0.985588 0.165258 45.397148 0.022812 -0.166137 0.985839 0.925490 0.000000 0.000000 0.000000 1.000000
0.999101 -0.031068 -0.028839 -0.029553 0.035455 0.985351 0.166814 45.355198 0.023234 -0.167687 0.985566 0.947226 0.000000 0.000000 0.000000 1.000000
0.999112 -0.031170 -0.028340 -0.036547 0.035488 0.985236 0.167482 45.322811 0.022701 -0.168339 0.985468 0.963943 0.000000 0.000000 0.000000 1.000000
0.999096 -0.031442 -0.028598 -0.035938 0.035815 0.985106 0.168175 45.302788 0.022884 -0.169047 0.985342 0.976866 0.000000 0.000000 0.000000 1.000000
0.999142 -0.031040 -0.027436 -0.034066 0.035272 0.984742 0.170407 45.289932 0.021728 -0.171228 0.984992 0.986199 0.000000 0.000000 0.000000 1.000000
0.999162 -0.030874 -0.026863 -0.031329 0.035039 0.984521 0.171726 45.269390 0.021145 -0.172523 0.984778 1.008459 0.000000 0.000000 0.000000 1.000000
0.999158 -0.031227 -0.026610 -0.030671 0.035367 0.984307 0.172883 45.245525 0.020794 -0.173679 0.984583 1.023376 0.000000 0.000000 0.000000 1.000000
0.999153 -0.031505 -0.026469 -0.032032 0.035646 0.984051 0.174279 45.227867 0.020557 -0.175075 0.984340 1.025641 0.000000 0.000000 0.000000 1.000000
0.999153 -0.031567 -0.026403 -0.038195 0.035723 0.983808 0.175631 45.221218 0.020431 -0.176426 0.984102 1.009901 0.000000 0.000000 0.000000 1.000000
0.999149 -0.031704 -0.026399 -0.043013 0.035895 0.983475 0.177448 45.212627 0.020337 -0.178244 0.983776 0.995754 0.000000 0.000000 0.000000 1.000000
0.999146 -0.031719 -0.026487 -0.049143 0.035958 0.983191 0.179001 45.207333 0.020364 -0.179801 0.983492 0.983908 0.000000 0.000000 0.000000 1.000000
0.999154 -0.031869 -0.025976 -0.055986 0.036034 0.983002 0.180027 45.213413 0.019797 -0.180810 0.983319 0.971715 0.000000 0.000000 0.000000 1.000000
0.999142 -0.031984 -0.026293 -0.059772 0.036217 0.982885 0.180627 45.219231 0.020065 -0.181425 0.983200 0.961347 0.000000 0.000000 0.000000 1.000000
0.999142 -0.032167 -0.026100 -0.058523 0.036369 0.982821 0.180942 45.222778 0.019831 -0.181736 0.983147 0.959461 0.000000 0.000000 0.000000 1.000000
0.999141 -0.032447 -0.025782 -0.057111 0.036584 0.982830 0.180852 45.235447 0.019471 -0.181640 0.983172 0.948558 0.000000 0.000000 0.000000 1.000000
0.999132 -0.033024 -0.025404 -0.058333 0.037079 0.982849 0.180646 45.271767 0.019002 -0.181431 0.983220 0.906313 0.000000 0.000000 0.000000 1.000000
0.999119 -0.034062 -0.024529 -0.065714 0.037942 0.982799 0.180737 45.339867 0.017951 -0.181509 0.983226 0.812079 0.000000 0.000000 0.000000 1.000000
0.999096 -0.034783 -0.024447 -0.059534 0.038636 0.982788 0.180652 45.378368 0.017743 -0.181434 0.983243 0.780211 0.000000 0.000000 0.000000 1.000000
0.999091 -0.034141 -0.025519 -0.048893 0.038194 0.982851 0.180401 45.362514 0.018922 -0.181212 0.983262 0.820477 0.000000 0.000000 0.000000 1.000000
0.999112 -0.033388 -0.025704 -0.044680 0.037476 0.982982 0.179839 45.363514 0.019262 -0.180642 0.983360 0.846710 0.000000 0.000000 0.000000 1.000000
0.999107 -0.034246 -0.024748 -0.039072 0.038121 0.983212 0.178440 45.372860 0.018222 -0.179225 0.983639 0.863387 0.000000 0.000000 0.000000 1.000000
0.999105 -0.034414 -0.024599 -0.034815 0.038234 0.983465 0.177017 45.378197 0.018100 -0.177799 0.983900 0.876463 0.000000 0.000000 0.000000 1.000000
0.999129 -0.033449 -0.024964 -0.030621 0.037325 0.983729 0.175741 45.370125 0.018679 -0.176520 0.984120 0.878736 0.000000 0.000000 0.000000 1.000000
0.999098 -0.033093 -0.026621 -0.026219 0.037231 0.984041 0.174005 45.372700 0.020437 -0.174840 0.984385 0.871907 0.000000 0.000000 0.000000 1.000000
0.999105 -0.033241 -0.026149 -0.019916 0.037279 0.984169 0.173266 45.384205 0.019976 -0.174085 0.984528 0.859775 0.000000 0.000000 0.000000 1.000000
0.999072 -0.033421 -0.027184 -0.006604 0.037615 0.984333 0.172259 45.394424 0.021001 -0.173122 0.984677 0.854741 0.000000 0.000000 0.000000 1.000000
0.999089 -0.033137 -0.026876 0.012530 0.037237 0.984718 0.170131 45.394203 0.020827 -0.170977 0.985055 0.861660 0.000000 0.000000 0.000000 1.000000
0.999101 -0.032564 -0.027158 0.033916 0.036684 0.985033 0.168415 45.391758 0.021267 -0.169260 0.985342 0.873353 0.000000 0.000000 0.000000 1.000000
0.999104 -0.031943 -0.027770 0.049611 0.036165 0.985128 0.167976 45.391270 0.021991 -0.168830 0.985400 0.882691 0.000000 0.000000 0.000000 1.000000
0.999092 -0.031891 -0.028234 0.060960 0.036178 0.985231 0.167364 45.398361 0.022480 -0.168234 0.985491 0.894042 0.000000 0.000000 0.000000 1.000000
0.999126 -0.031413 -0.027590 0.072969 0.035570 0.985469 0.166092 45.403381 0.021972 -0.166928 0.985724 0.902994 0.000000 0.000000 0.000000 1.000000
0.999148 -0.030833 -0.027439 0.073167 0.034948 0.985676 0.164989 45.404873 0.021958 -0.165808 0.985914 0.909013 0.000000 0.000000 0.000000 1.000000
0.999127 -0.030790 -0.028226 0.059560 0.035021 0.985783 0.164333 45.401184 0.022764 -0.165178 0.986001 0.927051 0.000000 0.000000 0.000000 1.000000
0.999107 -0.031217 -0.028461 0.040471 0.035453 0.985966 0.163138 45.399792 0.022969 -0.164001 0.986193 0.957011 0.000000 0.000000 0.000000 1.000000
0.999094 -0.031075 -0.029090 0.017180 0.035388 0.986168 0.161926 45.402554 0.023656 -0.162809 0.986374 0.988488 0.000000 0.000000 0.000000 1.000000
0.999060 -0.030671 -0.030626 -0.008320 0.035241 0.986163 0.161991 45.402626 0.025234 -0.162918 0.986317 1.001047 0.000000 0.000000 0.000000 1.000000
0.999022 -0.030877 -0.031634 -0.030278 0.035608 0.986151 0.161981 45.402061 0.026194 -0.162949 0.986287 1.001338 0.000000 0.000000 0.000000 1.000000
0.998991 -0.031281 -0.032222 -0.041560 0.036073 0.986314 0.160883 45.399799 0.026748 -0.161884 0.986447 0.996243 0.000000 0.000000 0.000000 1.000000
0.998987 -0.031397 -0.032247 -0.040390 0.036179 0.986385 0.160421 45.398872 0.026771 -0.161425 0.986522 0.980618 0.000000 0.000000 0.000000 1.000000
0.998999 -0.031394 -0.031853 -0.030743 0.036132 0.986265 0.161170 45.397583 0.026355 -0.162159 0.986413 0.962638 0.000000 0.000000 0.000000 1.000000
0.999020 -0.031774 -0.030811 -0.021042 0.036348 0.986200 0.161517 45.396339 0.025253 -0.162479 0.986389 0.953405 0.000000 0.000000 0.000000 1.000000
0.999045 -0.032170 -0.029558 -0.010513 0.036534 0.986195 0.161509 45.397121 0.023954 -0.162435 0.986428 0.952102 0.000000 0.000000 0.000000 1.000000
0.999076 -0.032273 -0.028371 -0.003030 0.036462 0.986064 0.162320 45.397263 0.022737 -0.163204 0.986330 0.949554 0.000000 0.000000 0.000000 1.000000
0.999091 -0.032301 -0.027824 -0.001273 0.036410 0.985999 0.162730 45.397842 0.022178 -0.163595 0.986278 0.951969 0.000000 0.000000 0.000000 1.000000
0.999089 -0.032548 -0.027595 -0.005465 0.036624 0.985936 0.163062 45.399677 0.021899 -0.163924 0.986230 0.950467 0.000000 0.000000 0.000000 1.000000
0.999074 -0.032922 -0.027693 -0.013468 0.037023 0.985813 0.163714 45.399231 0.021911 -0.164587 0.986119 0.942812 0.000000 0.000000 0.000000 1.000000
0.999088 -0.033157 -0.026903 -0.022116 0.037130 0.985765 0.163977 45.397888 0.021083 -0.164827 0.986097 0.937670 0.000000 0.000000 0.000000 1.000000
0.999105 -0.033291 -0.026078 -0.031262 0.037139 0.985663 0.164590 45.396294 0.020225 -0.165412 0.986017 0.931418 0.000000 0.000000 0.000000 1.000000
0.999056 -0.033577 -0.027561 -0.041151 0.037666 0.985644 0.164580 45.397247 0.021639 -0.165462 0.985979 0.931001 0.000000 0.000000 0.000000 1.000000
0.999042 -0.033703 -0.027904 -0.047601 0.037858 0.985561 0.165032 45.394398 0.021939 -0.165931 0.985893 0.931500 0.000000 0.000000 0.000000 1.000000
0.998992 -0.033649 -0.029702 -0.051097 0.038084 0.985686 0.164236 45.397156 0.023750 -0.165201 0.985974 0.938197 0.000000 0.000000 0.000000 1.000000
0.999014 -0.033552 -0.029084 -0.047985 0.037889 0.985674 0.164348 45.397087 0.023153 -0.165288 0.985974 0.942331 0.000000 0.000000 0.000000 1.000000
0.999029 -0.033514 -0.028610 -0.042665 0.037755 0.985807 0.163581 45.398647 0.022722 -0.164502 0.986115 0.947720 0.000000 0.000000 0.000000 1.000000
0.999039 -0.033458 -0.028301 -0.035235 0.037645 0.985838 0.163423 45.404259 0.022433 -0.164331 0.986150 0.948217 0.000000 0.000000 0.000000 1.000000
0.999048 -0.033393 -0.028061 -0.031647 0.037544 0.985826 0.163518 45.403683 0.022203 -0.164416 0.986141 0.949090 0.000000 0.000000 0.000000 1.000000
0.999056 -0.033324 -0.027858 -0.029277 0.037448 0.985791 0.163750 45.404167 0.022005 -0.164639 0.986108 0.950574 0.000000 0.000000 0.000000 1.000000
0.999064 -0.033256 -0.027660 -0.030621 0.037353 0.985753 0.164002 45.402531 0.021812 -0.164881 0.986072 0.947241 0.000000 0.000000 0.000000 1.000000
0.999072 -0.033190 -0.027435 -0.033016 0.037254 0.985731 0.164156 45.401192 0.021596 -0.165025 0.986053 0.944784 0.000000 0.000000 0.000000 1.000000</float_array><technique_common><accessor source="#Hips-Matrix-animation-output-transform-array" count="211" stride="16"><param type="float4x4"/></accessor></technique_common></source><source id="Hips-Interpolations"><Name_array id="Hips-Interpolations-array" count="211">
 LINEAR LINEAR LINEAR LINEAR LINEAR LINEAR LINEAR LINEAR LINEAR LINEAR LINEAR
LINEAR LINEAR LINEAR LINEAR LINEAR LINEAR LINEAR LINEAR LINEAR LINEAR LINEAR LINEAR
LINEAR LINEAR LINEAR LINEAR LINEAR LINEAR LINEAR LINEAR LINEAR LINEAR LINEAR LINEAR
LINEAR LINEAR LINEAR LINEAR LINEAR LINEAR LINEAR LINEAR LINEAR LINEAR LINEAR LINEAR
LINEAR LINEAR LINEAR LINEAR LINEAR LINEAR LINEAR LINEAR LINEAR LINEAR LINEAR LINEAR
LINEAR LINEAR LINEAR LINEAR LINEAR LINEAR LINEAR LINEAR LINEAR LINEAR LINEAR LINEAR
LINEAR LINEAR LINEAR LINEAR LINEAR LINEAR LINEAR LINEAR LINEAR LINEAR LINEAR LINEAR
LINEAR LINEAR LINEAR LINEAR LINEAR LINEAR LINEAR LINEAR LINEAR LINEAR LINEAR LINEAR
LINEAR LINEAR LINEAR LINEAR LINEAR LINEAR LINEAR LINEAR LINEAR LINEAR LINEAR LINEAR
LINEAR LINEAR LINEAR LINEAR LINEAR LINEAR LINEAR LINEAR LINEAR LINEAR LINEAR LINEAR
LINEAR LINEAR LINEAR LINEAR LINEAR LINEAR LINEAR LINEAR LINEAR LINEAR LINEAR LINEAR
LINEAR LINEAR LINEAR LINEAR LINEAR LINEAR LINEAR LINEAR LINEAR LINEAR LINEAR LINEAR
LINEAR LINEAR LINEAR LINEAR LINEAR LINEAR LINEAR LINEAR LINEAR LINEAR LINEAR LINEAR
LINEAR LINEAR LINEAR LINEAR LINEAR LINEAR LINEAR LINEAR LINEAR LINEAR LINEAR LINEAR
LINEAR LINEAR LINEAR LINEAR LINEAR LINEAR LINEAR LINEAR LINEAR LINEAR LINEAR LINEAR
LINEAR LINEAR LINEAR LINEAR LINEAR LINEAR LINEAR LINEAR LINEAR LINEAR LINEAR LINEAR
LINEAR LINEAR LINEAR LINEAR LINEAR LINEAR LINEAR LINEAR LINEAR LINEAR LINEAR LINEAR
LINEAR LINEAR LINEAR LINEAR LINEAR LINEAR LINEAR LINEAR</Name_array><technique_common><accessor source="#Hips-Interpolations-array" count="211"><param type="name"/></accessor></technique_common></source><sampler id="Hips-Matrix-animation-transform"><input semantic="INPUT" source="#Hips-Matrix-animation-input"/><input semantic="OUTPUT" source="#Hips-Matrix-animation-output-transform"/><input semantic="INTERPOLATION" source="#Hips-Interpolations"/></sampler><channel source="#Hips-Matrix-animation-transform" target="Hips/matrix"/></animation>
    <animation id="Pelvis-anim" name="Pelvis"><source id="Pelvis-Matrix-animation-input"><float_array id="Pelvis-Matrix-animation-input-array" count="211">

0.000000 0.033333 0.066667 0.100000 0.133333 0.166667 0.200000 0.233333 0.266667 0.300000 0.333333 0.366667 0.400000 0.433333 0.466667 0.500000
0.533333 0.566667 0.600000 0.633333 0.666667 0.700000 0.733333 0.766667 0.800000 0.833333 0.866667 0.900000 0.933333 0.966667 1.000000 1.033333
1.066667 1.100000 1.133333 1.166667 1.200000 1.233333 1.266667 1.300000 1.333333 1.366667 1.400000 1.433333 1.466667 1.500000 1.533333 1.566667
1.600000 1.633333 1.666667 1.700000 1.733333 1.766667 1.800000 1.833333 1.866667 1.900000 1.933333 1.966667 2.000000 2.033333 2.066667 2.100000
2.133333 2.166667 2.200000 2.233333 2.266667 2.300000 2.333333 2.366667 2.400000 2.433333 2.466667 2.500000 2.533333 2.566667 2.600000 2.633333
2.666667 2.700000 2.733333 2.766667 2.800000 2.833333 2.866667 2.900000 2.933333 2.966667 3.000000 3.033333 3.066667 3.100000 3.133333 3.166667
3.200000 3.233333 3.266667 3.300000 3.333333 3.366667 3.400000 3.433333 3.466667 3.500000 3.533333 3.566667 3.600000 3.633333 3.666667 3.700000
3.733333 3.766667 3.800000 3.833333 3.866667 3.900000 3.933333 3.966667 4.000000 4.033333 4.066667 4.100000 4.133333 4.166667 4.200000 4.233333
4.266667 4.300000 4.333333 4.366667 4.400000 4.433333 4.466667 4.500000 4.533333 4.566667 4.600000 4.633333 4.666667 4.700000 4.733333 4.766667
4.800000 4.833333 4.866667 4.900000 4.933333 4.966667 5.000000 5.033333 5.066667 5.100000 5.133333 5.166667 5.200000 5.233333 5.266667 5.300000
5.333333 5.366667 5.400000 5.433333 5.466667 5.500000 5.533333 5.566667 5.600000 5.633333 5.666667 5.700000 5.733333 5.766667 5.800000 5.833333
5.866667 5.900000 5.933333 5.966667 6.000000 6.033333 6.066667 6.100000 6.133333 6.166667 6.200000 6.233333 6.266667 6.300000 6.333333 6.366667
6.400000 6.433333 6.466667 6.500000 6.533333 6.566667 6.600000 6.633333 6.666667 6.700000 6.733333 6.766667 6.800000 6.833333 6.866667 6.900000
6.933333 6.966667 7.000000</float_array><technique_common><accessor source="#Pelvis-Matrix-animation-input-array" count="211"><param name="TIME" type="float"/></accessor></technique_common></source><source id="Pelvis-Matrix-animation-output-transform"><float_array id="Pelvis-Matrix-animation-output-transform-array" count="3376">

1.000000 0.000000 -0.000000 0.000000 0.000000 1.000000 0.000000 0.000000 0.000000 -0.000000 1.000000 0.000000 0.000000 0.000000 0.000000 1.000000
1.000000 0.000000 0.000000 0.000000 -0.000000 1.000000 0.000000 0.000000 0.000000 -0.000000 1.000000 0.000000 0.000000 0.000000 0.000000 1.000000
1.000000 0.000000 0.000000 0.000000 -0.000000 1.000000 -0.000000 0.000000 0.000000 0.000000 1.000000 0.000000 0.000000 0.000000 0.000000 1.000000
1.000000 -0.000000 -0.000000 0.000000 0.000000 1.000000 -0.000000 0.000000 -0.000000 -0.000000 1.000000 0.000000 0.000000 0.000000 0.000000 1.000000
1.000000 0.000000 0.000000 0.000000 0.000000 1.000000 0.000000 0.000000 0.000000 0.000000 1.000000 0.000000 0.000000 0.000000 0.000000 1.000000
1.000000 -0.000000 0.000000 0.000000 0.000000 1.000000 0.000000 0.000000 -0.000000 0.000000 1.000000 0.000000 0.000000 0.000000 0.000000 1.000000
1.000000 -0.000000 -0.000000 0.000000 0.000000 1.000000 -0.000000 0.000000 -0.000000 -0.000000 1.000000 0.000000 0.000000 0.000000 0.000000 1.000000
1.000000 0.000000 -0.000000 0.000000 0.000000 1.000000 0.000000 0.000000 0.000000 0.000000 1.000000 0.000000 0.000000 0.000000 0.000000 1.000000
