<?xml version="1.0" encoding="utf-8"?>
<COLLADA xmlns="http://www.collada.org/2005/11/COLLADASchema" version="1.4.1">
  <asset><contributor><author>Mixamo</author><authoring_tool>COLLADA Mixamo exporter</authoring_tool><comments></comments></contributor><created>2018-11-10T07:11:34Z</created><modified>2018-11-10T07:11:34Z</modified><revision></revision><title></title><unit meter="0.010000"/><up_axis>Y_UP</up_axis></asset>
  <library_animations>
    <animation id="Hips-anim" name="Hips"><source id="Hips-Matrix-animation-input"><float_array id="Hips-Matrix-animation-input-array" count="116">

0.000000 0.033333 0.066667 0.100000 0.133333 0.166667 0.200000 0.233333 0.266667 0.300000 0.333333 0.366667 0.400000 0.433333 0.466667 0.500000
0.533333 0.566667 0.600000 0.633333 0.666667 0.700000 0.733333 0.766667 0.800000 0.833333 0.866667 0.900000 0.933333 0.966667 1.000000 1.033333
1.066667 1.100000 1.133333 1.166667 1.200000 1.233333 1.266667 1.300000 1.333333 1.366667 1.400000 1.433333 1.466667 1.500000 1.533333 1.566667
1.600000 1.633333 1.666667 1.700000 1.733333 1.766667 1.800000 1.833333 1.866667 1.900000 1.933333 1.966667 2.000000 2.033333 2.066667 2.100000
2.133333 2.166667 2.200000 2.233333 2.266667 2.300000 2.333333 2.366667 2.400000 2.433333 2.466667 2.500000 2.533333 2.566667 2.600000 2.633333
2.666667 2.700000 2.733333 2.766667 2.800000 2.833333 2.866667 2.900000 2.933333 2.966667 3.000000 3.033333 3.066667 3.100000 3.133333 3.166667
3.200000 3.233333 3.266667 3.300000 3.333333 3.366667 3.400000 3.433333 3.466667 3.500000 3.533333 3.566667 3.600000 3.633333 3.666667 3.700000
3.733333 3.766667 3.800000 3.833333</float_array><technique_common><accessor source="#Hips-Matrix-animation-input-array" count="116"><param name="TIME" type="float"/></accessor></technique_common></source><source id="Hips-Matrix-animation-output-transform"><float_array id="Hips-Matrix-animation-output-transform-array" count="1856">

0.999783 -0.019596 0.007014 -0.108666 0.017143 0.966406 0.256447 60.528458 -0.011803 -0.256271 0.966533 0.016727 0.000000 0.000000 0.000000 1.000000
0.999784 -0.019602 0.006926 -0.116451 0.017169 0.966378 0.256553 60.526234 -0.011722 -0.256379 0.966505 0.013592 0.000000 0.000000 0.000000 1.000000
0.999783 -0.019702 0.006722 -0.124965 0.017317 0.966335 0.256704 60.520557 -0.011554 -0.256532 0.966467 0.008906 0.000000 0.000000 0.000000 1.000000
0.999782 -0.019912 0.006358 -0.133245 0.017612 0.966294 0.256839 60.510372 -0.011258 -0.256671 0.966433 0.003602 0.000000 0.000000 0.000000 1.000000
0.999779 -0.020172 0.005849 -0.141365 0.017993 0.966264 0.256925 60.496143 -0.010834 -0.256763 0.966414 -0.001374 0.000000 0.000000 0.000000 1.000000
0.999779 -0.020353 0.005281 -0.148652 0.018314 0.966252 0.256948 60.477928 -0.010332 -0.256795 0.966411 -0.004766 0.000000 0.000000 0.000000 1.000000
0.999783 -0.020294 0.004739 -0.152311 0.018396 0.966259 0.256914 60.453289 -0.009793 -0.256771 0.966423 -0.004776 0.000000 0.000000 0.000000 1.000000
0.999793 -0.019902 0.004265 -0.149686 0.018140 0.966287 0.256828 60.420044 -0.009233 -0.256697 0.966448 0.000452 0.000000 0.000000 0.000000 1.000000
0.999808 -0.019211 0.003857 -0.141431 0.017578 0.966340 0.256665 60.380802 -0.008658 -0.256548 0.966493 0.010518 0.000000 0.000000 0.000000 1.000000
0.999826 -0.018314 0.003480 -0.130349 0.016809 0.966417 0.256427 60.340347 -0.008060 -0.256324 0.966557 0.022644 0.000000 0.000000 0.000000 1.000000
0.999844 -0.017381 0.003165 -0.117506 0.015991 0.966491 0.256202 60.304253 -0.007512 -0.256112 0.966618 0.032920 0.000000 0.000000 0.000000 1.000000
0.999861 -0.016377 0.002973 -0.098151 0.015070 0.966537 0.256085 60.271637 -0.007067 -0.256004 0.966650 0.043786 0.000000 0.000000 0.000000 1.000000
0.999881 -0.015154 0.002906 -0.069907 0.013905 0.966581 0.255984 60.240009 -0.006688 -0.255913 0.966677 0.058396 0.000000 0.000000 0.000000 1.000000
0.999903 -0.013611 0.002906 -0.040932 0.012416 0.966708 0.255580 60.204887 -0.006288 -0.255519 0.966784 0.073682 0.000000 0.000000 0.000000 1.000000
0.999925 -0.011839 0.003091 -0.024926 0.010663 0.967024 0.254463 60.159359 -0.006001 -0.254411 0.967077 0.081925 0.000000 0.000000 0.000000 1.000000
0.999942 -0.010100 0.003752 -0.027585 0.008827 0.967597 0.252346 60.102402 -0.006179 -0.252298 0.967630 0.079298 0.000000 0.000000 0.000000 1.000000
0.999951 -0.008532 0.004988 -0.040885 0.007021 0.968453 0.249099 60.041351 -0.006956 -0.249052 0.968465 0.069019 0.000000 0.000000 0.000000 1.000000
0.999954 -0.006951 0.006579 -0.050701 0.005131 0.969633 0.244512 59.980705 -0.008079 -0.244467 0.969624 0.055389 0.000000 0.000000 0.000000 1.000000
0.999953 -0.005151 0.008154 -0.048179 0.003060 0.971209 0.238208 59.919155 -0.009147 -0.238172 0.971180 0.038965 0.000000 0.000000 0.000000 1.000000
0.999952 -0.003098 0.009326 -0.037049 0.000868 0.973149 0.230176 59.859077 -0.009788 -0.230157 0.973104 0.020119 0.000000 0.000000 0.000000 1.000000
0.999950 -0.000549 0.010009 -0.029449 -0.001678 0.975244 0.221125 59.806595 -0.009883 -0.221130 0.975194 0.002842 0.000000 0.000000 0.000000 1.000000
0.999935 0.003005 0.011003 -0.030658 -0.005267 0.977317 0.211717 59.761177 -0.010117 -0.211761 0.977269 -0.007617 0.000000 0.000000 0.000000 1.000000
0.999875 0.007621 0.013823 -0.030926 -0.010252 0.979415 0.201595 59.718967 -0.012003 -0.201712 0.979371 -0.006147 0.000000 0.000000 0.000000 1.000000
0.999737 0.012518 0.019224 -0.018451 -0.015941 0.981702 0.189755 59.683178 -0.016496 -0.190011 0.981643 0.016169 0.000000 0.000000 0.000000 1.000000
0.999518 0.016859 0.026086 0.005245 -0.021187 0.984210 0.175732 59.658310 -0.022711 -0.176200 0.984092 0.071331 0.000000 0.000000 0.000000 1.000000
0.999248 0.020516 0.032891 0.030207 -0.025528 0.986777 0.160059 59.647038 -0.029172 -0.160779 0.986559 0.166075 0.000000 0.000000 0.000000 1.000000
0.998924 0.023993 0.039691 0.050318 -0.029465 0.989201 0.143570 59.661186 -0.035818 -0.144585 0.988844 0.299837 0.000000 0.000000 0.000000 1.000000
0.998481 0.027894 0.047505 0.066924 -0.033721 0.991374 0.126654 59.725689 -0.043562 -0.128064 0.990809 0.471469 0.000000 0.000000 0.000000 1.000000
0.997834 0.032419 0.057234 0.088792 -0.038523 0.993295 0.109000 59.858170 -0.053317 -0.110969 0.992393 0.683180 0.000000 0.000000 0.000000 1.000000
0.996863 0.037378 0.069769 0.126998 -0.043555 0.995059 0.089227 60.038292 -0.066089 -0.091986 0.993565 0.936574 0.000000 0.000000 0.000000 1.000000
0.995437 0.042464 0.085454 0.182565 -0.048161 0.996673 0.065751 60.210518 -0.082377 -0.069567 0.994170 1.224751 0.000000 0.000000 0.000000 1.000000
0.993499 0.047294 0.103552 0.244357 -0.051564 0.997909 0.038959 60.335148 -0.101493 -0.044046 0.993861 1.533468 0.000000 0.000000 0.000000 1.000000
0.991028 0.051548 0.123313 0.301466 -0.053288 0.998520 0.010857 60.416931 -0.122571 -0.017330 0.992308 1.854460 0.000000 0.000000 0.000000 1.000000
0.987932 0.055384 0.144645 0.350370 -0.053466 0.998423 -0.017113 60.482117 -0.145365 0.009172 0.989336 2.190981 0.000000 0.000000 0.000000 1.000000
0.984186 0.059222 0.166948 0.391748 -0.052575 0.997649 -0.043966 60.546188 -0.169159 0.034493 0.984985 2.544184 0.000000 0.000000 0.000000 1.000000
0.980188 0.062958 0.187799 0.428930 -0.051089 0.996418 -0.067387 60.607742 -0.191369 0.056457 0.979893 2.896194 0.000000 0.000000 0.000000 1.000000
0.976783 0.066072 0.203790 0.468500 -0.049779 0.995216 -0.084072 60.656570 -0.208369 0.071976 0.975398 3.206452 0.000000 0.000000 0.000000 1.000000
0.974427 0.068481 0.214014 0.514970 -0.049417 0.994421 -0.093196 60.681175 -0.219202 0.080236 0.972375 3.431017 0.000000 0.000000 0.000000 1.000000
0.972335 0.070746 0.222620 0.563868 -0.049759 0.993891 -0.098516 60.698753 -0.228230 0.084713 0.969915 3.560285 0.000000 0.000000 0.000000 1.000000
0.969307 0.073502 0.234610 0.610748 -0.050017 0.993263 -0.104536 60.786652 -0.240713 0.089593 0.966452 3.634429 0.000000 0.000000 0.000000 1.000000
0.965814 0.076375 0.247732 0.668592 -0.049910 0.992520 -0.111414 61.022652 -0.254388 0.095241 0.962401 3.705194 0.000000 0.000000 0.000000 1.000000
0.964040 0.077927 0.254075 0.760219 -0.049212 0.991855 -0.117482 61.351036 -0.261161 0.100754 0.960023 3.781507 0.000000 0.000000 0.000000 1.000000
0.964825 0.077752 0.251133 0.886978 -0.047528 0.991111 -0.124257 61.582043 -0.258562 0.107950 0.959944 3.824756 0.000000 0.000000 0.000000 1.000000
0.966419 0.077046 0.245150 1.024136 -0.044893 0.989944 -0.134145 61.588051 -0.253020 0.118635 0.960160 3.803948 0.000000 0.000000 0.000000 1.000000
0.967024 0.076269 0.242996 1.152566 -0.041198 0.988386 -0.146272 61.441872 -0.251330 0.131437 0.958936 3.743624 0.000000 0.000000 0.000000 1.000000
0.966569 0.074729 0.245273 1.266193 -0.036218 0.986787 -0.157923 61.319271 -0.253834 0.143760 0.956505 3.702103 0.000000 0.000000 0.000000 1.000000
0.965878 0.072132 0.248751 1.349134 -0.030406 0.985374 -0.167671 61.311386 -0.257207 0.154386 0.953944 3.716978 0.000000 0.000000 0.000000 1.000000
0.965258 0.069110 0.251995 1.387448 -0.024669 0.984184 -0.175423 61.392220 -0.260133 0.163112 0.951696 3.781282 0.000000 0.000000 0.000000 1.000000
0.964382 0.066363 0.256053 1.385840 -0.019659 0.983321 -0.180811 61.497166 -0.263781 0.169337 0.949602 3.870201 0.000000 0.000000 0.000000 1.000000
0.963293 0.064570 0.260573 1.362388 -0.016502 0.983050 -0.182594 61.579414 -0.267946 0.171591 0.948030 3.954974 0.000000 0.000000 0.000000 1.000000
0.962722 0.064152 0.262777 1.328417 -0.016535 0.983610 -0.179551 61.603619 -0.269989 0.168513 0.948003 4.007188 0.000000 0.000000 0.000000 1.000000
0.963150 0.064780 0.261046 1.291071 -0.019552 0.984858 -0.172259 61.559414 -0.268252 0.160807 0.949833 4.012173 0.000000 0.000000 0.000000 1.000000
0.963913 0.065805 0.257955 1.258205 -0.023362 0.986139 -0.164270 61.489170 -0.265189 0.152316 0.952089 3.984969 0.000000 0.000000 0.000000 1.000000
0.963852 0.067240 0.257814 1.227647 -0.025991 0.986745 -0.160181 61.465622 -0.265168 0.147690 0.952824 3.960677 0.000000 0.000000 0.000000 1.000000
0.962837 0.069576 0.260969 1.185744 -0.027473 0.986468 -0.161637 61.519070 -0.268683 0.148460 0.951719 3.960415 0.000000 0.000000 0.000000 1.000000
0.962040 0.072325 0.263151 1.130226 -0.028601 0.985654 -0.166339 61.594521 -0.271406 0.152498 0.950307 3.969972 0.000000 0.000000 0.000000 1.000000
0.962307 0.073817 0.261755 1.086427 -0.029002 0.984826 -0.171105 61.603477 -0.270414 0.157065 0.949846 3.956899 0.000000 0.000000 0.000000 1.000000
0.962996 0.073069 0.259422 1.085427 -0.027615 0.984233 -0.174710 61.521343 -0.268098 0.161081 0.949830 3.911119 0.000000 0.000000 0.000000 1.000000
0.963146 0.070935 0.259456 1.123198 -0.024518 0.983736 -0.177939 61.411331 -0.267858 0.165020 0.949221 3.860605 0.000000 0.000000 0.000000 1.000000
0.962889 0.069142 0.260892 1.160562 -0.021347 0.983111 -0.181761 61.351055 -0.269053 0.169446 0.948103 3.840700 0.000000 0.000000 0.000000 1.000000
0.962940 0.068580 0.260852 1.170409 -0.019541 0.982331 -0.186127 61.364452 -0.269008 0.174131 0.947266 3.861682 0.000000 0.000000 0.000000 1.000000
0.963291 0.068777 0.259501 1.162543 -0.018775 0.981518 -0.190444 61.428780 -0.267803 0.178581 0.946779 3.913488 0.000000 0.000000 0.000000 1.000000
0.963255 0.068766 0.259635 1.159615 -0.017688 0.980812 -0.194151 61.508656 -0.268004 0.182425 0.945989 3.983801 0.000000 0.000000 0.000000 1.000000
0.962568 0.068116 0.262341 1.167986 -0.015880 0.980416 -0.196296 61.568817 -0.270574 0.184782 0.944799 4.059235 0.000000 0.000000 0.000000 1.000000
0.961901 0.067094 0.265039 1.179991 -0.014568 0.980621 -0.195372 61.584072 -0.273011 0.184067 0.944237 4.119750 0.000000 0.000000 0.000000 1.000000
0.962125 0.066034 0.264490 1.192102 -0.014973 0.981555 -0.190595 61.555576 -0.272197 0.179416 0.945367 4.143534 0.000000 0.000000 0.000000 1.000000
0.963074 0.065015 0.261269 1.206075 -0.016579 0.982886 -0.183469 61.516708 -0.268726 0.172363 0.947669 4.124739 0.000000 0.000000 0.000000 1.000000
0.963484 0.064345 0.259921 1.218214 -0.017833 0.983963 -0.177481 61.516754 -0.267173 0.166365 0.949179 4.085804 0.000000 0.000000 0.000000 1.000000
0.962515 0.064921 0.263342 1.216208 -0.018452 0.984355 -0.175231 61.585461 -0.270598 0.163803 0.948654 4.061759 0.000000 0.000000 0.000000 1.000000
0.960972 0.067256 0.268345 1.190836 -0.019818 0.984242 -0.175712 61.695572 -0.275934 0.163537 0.947162 4.066337 0.000000 0.000000 0.000000 1.000000
0.960351 0.070179 0.269816 1.153772 -0.022663 0.984247 -0.175339 61.772110 -0.277871 0.162272 0.946813 4.076069 0.000000 0.000000 0.000000 1.000000
0.960822 0.071528 0.267778 1.139118 -0.025502 0.984843 -0.171564 61.760456 -0.275991 0.158014 0.948083 4.057885 0.000000 0.000000 0.000000 1.000000
0.961456 0.070304 0.265818 1.173684 -0.026510 0.985957 -0.164884 61.679661 -0.273677 0.151482 0.949818 4.006916 0.000000 0.000000 0.000000 1.000000
0.961999 0.067656 0.264540 1.242935 -0.026153 0.987193 -0.157370 61.589531 -0.271799 0.144471 0.951448 3.942576 0.000000 0.000000 0.000000 1.000000
0.962941 0.065489 0.261639 1.306886 -0.026458 0.988331 -0.150007 61.524536 -0.268410 0.137525 0.953438 3.874046 0.000000 0.000000 0.000000 1.000000
0.964352 0.064259 0.256701 1.346847 -0.028190 0.989495 -0.141794 61.483665 -0.263116 0.129503 0.956033 3.792891 0.000000 0.000000 0.000000 1.000000
0.965798 0.063201 0.251474 1.371546 -0.030647 0.990865 -0.131326 61.461098 -0.257477 0.119127 0.958913 3.694211 0.000000 0.000000 0.000000 1.000000
0.967081 0.062302 0.246724 1.384284 -0.033663 0.992367 -0.118639 61.448341 -0.252232 0.106428 0.961796 3.584327 0.000000 0.000000 0.000000 1.000000
0.968291 0.062363 0.241916 1.371694 -0.037819 0.993773 -0.104807 61.423862 -0.246946 0.092335 0.964620 3.470903 0.000000 0.000000 0.000000 1.000000
0.969497 0.063397 0.236763 1.320859 -0.043001 0.994982 -0.090344 61.363174 -0.241303 0.077407 0.967358 3.356088 0.000000 0.000000 0.000000 1.000000
0.970819 0.064724 0.230912 1.236437 -0.048591 0.996007 -0.074888 61.264862 -0.234837 0.061483 0.970088 3.235145 0.000000 0.000000 0.000000 1.000000
0.972426 0.065919 0.223699 1.136816 -0.054184 0.996833 -0.058205 61.148876 -0.226828 0.044479 0.972919 3.103485 0.000000 0.000000 0.000000 1.000000
0.974363 0.066670 0.214878 1.046267 -0.059273 0.997412 -0.040693 61.035362 -0.217035 0.026914 0.975793 2.960778 0.000000 0.000000 0.000000 1.000000
0.976592 0.066388 0.204601 0.987144 -0.063090 0.997752 -0.022604 60.936329 -0.205641 0.009166 0.978584 2.809431 0.000000 0.000000 0.000000 1.000000
0.979080 0.064822 0.192874 0.963193 -0.065330 0.997857 -0.003732 60.859287 -0.192702 -0.008947 0.981216 2.650541 0.000000 0.000000 0.000000 1.000000
0.981676 0.062971 0.179852 0.951649 -0.066741 0.997658 0.014980 60.802025 -0.178487 -0.026709 0.983580 2.481906 0.000000 0.000000 0.000000 1.000000
0.984093 0.062400 0.166337 0.927754 -0.068426 0.997182 0.030741 60.745209 -0.163950 -0.041634 0.985590 2.300199 0.000000 0.000000 0.000000 1.000000
0.986172 0.063392 0.153120 0.893116 -0.070594 0.996618 0.042060 60.664330 -0.149936 -0.052288 0.987312 2.105164 0.000000 0.000000 0.000000 1.000000
0.988031 0.064491 0.140127 0.871333 -0.072314 0.996053 0.051468 60.555573 -0.136254 -0.060985 0.988795 1.900125 0.000000 0.000000 0.000000 1.000000
0.989861 0.064041 0.126780 0.879068 -0.072531 0.995341 0.063521 60.442516 -0.122121 -0.072072 0.989895 1.689825 0.000000 0.000000 0.000000 1.000000
0.991645 0.062011 0.113112 0.906920 -0.071331 0.994216 0.080296 60.348827 -0.107479 -0.087693 0.990332 1.480433 0.000000 0.000000 0.000000 1.000000
0.993183 0.059824 0.100044 0.930752 -0.069758 0.992645 0.098939 60.275261 -0.093389 -0.105243 0.990052 1.279678 0.000000 0.000000 0.000000 1.000000
0.994386 0.058082 0.088453 0.938109 -0.068098 0.991054 0.114781 60.212891 -0.080995 -0.120160 0.989445 1.091392 0.000000 0.000000 0.000000 1.000000
0.995372 0.056013 0.078087 0.936642 -0.065623 0.989794 0.126498 60.157257 -0.070205 -0.131037 0.988889 0.913510 0.000000 0.000000 0.000000 1.000000
0.996254 0.052965 0.068361 0.932762 -0.061903 0.988765 0.136058 60.116020 -0.060387 -0.139780 0.988339 0.751489 0.000000 0.000000 0.000000 1.000000
0.997027 0.049273 0.059234 0.922096 -0.057462 0.987673 0.145605 60.095272 -0.051329 -0.148576 0.987568 0.622123 0.000000 0.000000 0.000000 1.000000
0.997661 0.045654 0.050867 0.897772 -0.053074 0.986385 0.155655 60.089241 -0.043068 -0.157991 0.986501 0.528869 0.000000 0.000000 0.000000 1.000000
0.998153 0.042589 0.043313 0.854906 -0.049213 0.984957 0.165646 60.086323 -0.035606 -0.167472 0.985234 0.452755 0.000000 0.000000 0.000000 1.000000
0.998527 0.040006 0.036642 0.792837 -0.045828 0.983489 0.175068 60.084232 -0.029033 -0.176489 0.983874 0.375960 0.000000 0.000000 0.000000 1.000000
0.998822 0.037331 0.031003 0.718174 -0.042411 0.982031 0.183891 60.090923 -0.023581 -0.184990 0.982458 0.298469 0.000000 0.000000 0.000000 1.000000
0.999068 0.034070 0.026486 0.643705 -0.038539 0.980561 0.192393 60.109642 -0.019416 -0.193235 0.980960 0.228906 0.000000 0.000000 0.000000 1.000000
0.999283 0.030147 0.022903 0.580709 -0.034138 0.979040 0.200788 60.137829 -0.016369 -0.201426 0.979367 0.172504 0.000000 0.000000 0.000000 1.000000
0.999474 0.025755 0.019714 0.529408 -0.029312 0.977454 0.209102 60.173275 -0.013884 -0.209570 0.977695 0.131210 0.000000 0.000000 0.000000 1.000000
0.999644 0.021112 0.016298 0.479848 -0.024150 0.975835 0.217171 60.207821 -0.011319 -0.217487 0.975998 0.106682 0.000000 0.000000 0.000000 1.000000
0.999788 0.016413 0.012452 0.425085 -0.018792 0.974243 0.224714 60.232578 -0.008443 -0.224901 0.974345 0.097955 0.000000 0.000000 0.000000 1.000000
0.999891 0.011873 0.008744 0.370625 -0.013575 0.972721 0.231582 60.252781 -0.005756 -0.231675 0.972776 0.099823 0.000000 0.000000 0.000000 1.000000
0.999953 0.007570 0.006047 0.324322 -0.008791 0.971282 0.237770 60.280952 -0.004073 -0.237812 0.971303 0.106547 0.000000 0.000000 0.000000 1.000000
0.999983 0.003408 0.004694 0.282748 -0.004447 0.969966 0.243200 60.318802 -0.003724 -0.243217 0.969965 0.113494 0.000000 0.000000 0.000000 1.000000
0.999990 -0.000675 0.004416 0.236661 -0.000440 0.968856 0.247626 60.355366 -0.004446 -0.247626 0.968846 0.117559 0.000000 0.000000 0.000000 1.000000
0.999978 -0.004566 0.004809 0.185394 0.003214 0.968024 0.250837 60.379639 -0.005801 -0.250816 0.968017 0.116478 0.000000 0.000000 0.000000 1.000000
0.999952 -0.008124 0.005539 0.135769 0.006460 0.967479 0.252868 60.390347 -0.007413 -0.252820 0.967485 0.106799 0.000000 0.000000 0.000000 1.000000
0.999917 -0.011229 0.006324 0.089574 0.009255 0.967162 0.253992 60.395378 -0.008969 -0.253912 0.967186 0.086905 0.000000 0.000000 0.000000 1.000000
0.999881 -0.013796 0.006904 0.039990 0.011584 0.966978 0.254597 60.405815 -0.010189 -0.254487 0.967023 0.062694 0.000000 0.000000 0.000000 1.000000
0.999848 -0.015895 0.007143 -0.016090 0.013548 0.966831 0.255059 60.431736 -0.010960 -0.254923 0.966899 0.041904 0.000000 0.000000 0.000000 1.000000
0.999817 -0.017754 0.007133 -0.069412 0.015341 0.966650 0.255641 60.475319 -0.011434 -0.255484 0.966746 0.026818 0.000000 0.000000 0.000000 1.000000
0.999783 -0.019596 0.007014 -0.108656 0.017142 0.966406 0.256447 60.528454 -0.011803 -0.256271 0.966533 0.016724 0.000000 0.000000 0.000000 1.000000</float_array><technique_common><accessor source="#Hips-Matrix-animation-output-transform-array" count="116" stride="16"><param type="float4x4"/></accessor></technique_common></source><source id="Hips-Interpolations"><Name_array id="Hips-Interpolations-array" count="116">
 LINEAR LINEAR LINEAR LINEAR LINEAR LINEAR LINEAR LINEAR LINEAR LINEAR LINEAR
LINEAR LINEAR LINEAR LINEAR LINEAR LINEAR LINEAR LINEAR LINEAR LINEAR LINEAR LINEAR
LINEAR LINEAR LINEAR LINEAR LINEAR LINEAR LINEAR LINEAR LINEAR LINEAR LINEAR LINEAR
LINEAR LINEAR LINEAR LINEAR LINEAR LINEAR LINEAR LINEAR LINEAR LINEAR LINEAR LINEAR
LINEAR LINEAR LINEAR LINEAR LINEAR LINEAR LINEAR LINEAR LINEAR LINEAR LINEAR LINEAR
LINEAR LINEAR LINEAR LINEAR LINEAR LINEAR LINEAR LINEAR LINEAR LINEAR LINEAR LINEAR
LINEAR LINEAR LINEAR LINEAR LINEAR LINEAR LINEAR LINEAR LINEAR LINEAR LINEAR LINEAR
LINEAR LINEAR LINEAR LINEAR LINEAR LINEAR LINEAR LINEAR LINEAR LINEAR LINEAR LINEAR
LINEAR LINEAR LINEAR LINEAR LINEAR LINEAR LINEAR LINEAR LINEAR LINEAR LINEAR LINEAR
LINEAR LINEAR LINEAR LINEAR LINEAR LINEAR LINEAR LINEAR LINEAR</Name_array><technique_common><accessor source="#Hips-Interpolations-array" count="116"><param type="name"/></accessor></technique_common></source><sampler id="Hips-Matrix-animation-transform"><input semantic="INPUT" source="#Hips-Matrix-animation-input"/><input semantic="OUTPUT" source="#Hips-Matrix-animation-output-transform"/><input semantic="INTERPOLATION" source="#Hips-Interpolations"/></sampler><channel source="#Hips-Matrix-animation-transform" target="Hips/matrix"/></animation>
    <animation id="Pelvis-anim" name="Pelvis"><source id="Pelvis-Matrix-animation-input"><float_array id="Pelvis-Matrix-animation-input-array" count="116">

0.000000 0.033333 0.066667 0.100000 0.133333 0.166667 0.200000 0.233333 0.266667 0.300000 0.333333 0.366667 0.400000 0.433333 0.466667 0.500000
0.533333 0.566667 0.600000 0.633333 0.666667 0.700000 0.733333 0.766667 0.800000 0.833333 0.866667 0.900000 0.933333 0.966667 1.000000 1.033333
1.066667 1.100000 1.133333 1.166667 1.200000 1.233333 1.266667 1.300000 1.333333 1.366667 1.400000 1.433333 1.466667 1.500000 1.533333 1.566667
1.600000 1.633333 1.666667 1.700000 1.733333 1.766667 1.800000 1.833333 1.866667 1.900000 1.933333 1.966667 2.000000 2.033333 2.066667 2.100000
2.133333 2.166667 2.200000 2.233333 2.266667 2.300000 2.333333 2.366667 2.400000 2.433333 2.466667 2.500000 2.533333 2.566667 2.600000 2.633333
2.666667 2.700000 2.733333 2.766667 2.800000 2.833333 2.866667 2.900000 2.933333 2.966667 3.000000 3.033333 3.066667 3.100000 3.133333 3.166667
3.200000 3.233333 3.266667 3.300000 3.333333 3.366667 3.400000 3.433333 3.466667 3.500000 3.533333 3.566667 3.600000 3.633333 3.666667 3.700000
3.733333 3.766667 3.800000 3.833333</float_array><technique_common><accessor source="#Pelvis-Matrix-animation-input-array" count="116"><param name="TIME" type="float"/></accessor></technique_common></source><source id="Pelvis-Matrix-animation-output-transform"><float_array id="Pelvis-Matrix-animation-output-transform-array" count="1856">

1.000000 0.000000 0.000000 0.000000 -0.000000 1.000000 -0.000000 0.000000 0.000000 0.000000 1.000000 0.000000 0.000000 0.000000 0.000000 1.000000
1.000000 -0.000000 0.000000 0.000000 0.000000 1.000000 0.000000 0.000000 0.000000 -0.000000 1.000000 0.000000 0.000000 0.000000 0.000000 1.000000
1.000000 0.000000 -0.000000 0.000000 0.000000 1.000000 0.000000 0.000000 -0.000000 -0.000000 1.000000 0.000000 0.000000 0.000000 0.000000 1.000000
1.000000 -0.000000 0.000000 0.000000 0.000000 1.000000 0.000000 0.000000 0.000000 0.000000 1.000000 0.000000 0.000000 0.000000 0.000000 1.000000
1.000000 -0.000000 0.000000 0.000000 -0.000000 1.000000 -0.000000 0.000000 0.000000 0.000000 1.000000 0.000000 0.000000 0.000000 0.000000 1.000000
1.000000 0.000000 -0.000000 0.000000 0.000000 1.000000 0.000000 0.000000 0.000000 0.000000 1.000000 0.000000 0.000000 0.000000 0.000000 1.000000
1.000000 -0.000000 0.000000 0.000000 -0.000000 1.000000 -0.000000 0.000000 0.000000 0.000000 1.000000 0.000000 0.000000 0.000000 0.000000 1.000000
1.000000 -0.000000 0.000000 0.000000 -0.000000 1.000000 0.000000 0.000000 0.000000 0.000000 1.000000 0.000000 0.000000 0.000000 0.000000 1.000000
1.000000 0.000000 0.000000 0.000000 0.000000 1.000000 0.000000 0.000000 -0.000000 0.000000 1.000000 0.000000 0.000000 0.000000 0.000000 1.000000
1.000000 -0.000000 0.000000 0.000000 0.000000 1.000000 -0.000000 0.000000 0.000000 0.000000 1.000000 0.000000 0.000000 0.000000 0.000000 1.000000
1.000000 0.000000 0.000000 0.000000 0.000000 1.000000 0.000000 0.000000 -0.000000 -0.000000 1.000000 0.000000 0.000000 0.000000 0.000000 1.000000
1.000000 -0.000000 -0.000000 0.000000 -0.000000 1.000000 -0.000000 0.000000 -0.000000 -0.000000 1.000000 0.000000 0.000000 0.000000 0.000000 1.000000
1.000000 -0.000000 -0.000000 0.000000 0.000000 1.000000 0.000000 0.000000 0.000000 0.000000 1.000000 0.000000 0.000000 0.000000 0.000000 1.000000
1.000000 0.000000 -0.000000 0.000000 0.000000 1.000000 -0.000000 0.000000 -0.000000 -0.000000 1.000000 0.000000 0.000000 0.000000 0.000000 1.000000
1.000000 0.000000 0.000000 0.000000 -0.000000 1.000000 0.000000 0.000000 0.000000 0.000000 1.000000 0.000000 0.000000 0.000000 0.000000 1.000000
1.000000 0.000000 0.000000 0.000000 0.000000 1.000000 -0.000000 0.000000 0.000000 -0.000000 1.000000 0.000000 0.000000 0.000000 0.000000 1.000000
1.000000 0.000000 -0.000000 0.000000 0.000000 1.000000 0.000000 0.000000 0.000000 0.000000 1.000000 0.000000 0.000000 0.000000 0.000000 1.000000
1.000000 0.000000 -0.000000 0.000000 0.000000 1.000000 -0.000000 0.000000 0.000000 0.000000 1.000000 0.000000 0.000000 0.000000 0.000000 1.000000
1.000000 0.000000 0.000000 0.000000 0.000000 1.000000 -0.000000 0.000000 -0.000000 -0.000000 1.000000 0.000000 0.000000 0.000000 0.000000 1.000000
1.000000 0.000000 0.000000 0.000000 0.000000 1.000000 0.000000 0.000000 0.000000 0.000000 1.000000 0.000000 0.000000 0.000000 0.000000 1.000000
1.000000 -0.000000 0.000000 0.000000 0.000000 1.000000 0.000000 0.000000 -0.000000 -0.000000 1.000000 0.000000 0.000000 0.000000 0.000000 1.000000
1.000000 0.000000 0.000000 0.000000 0.000000 1.000000 0.000000 0.000000 0.000000 -0.000000 1.000000 0.000000 0.000000 0.000000 0.000000 1.000000
1.000000 0.000000 0.000000 0.000000 0.000000 1.000000 0.000000 0.000000 0.000000 0.000000 1.000000 0.000000 0.000000 0.000000 0.000000 1.000000
1.000000 -0.000000 -0.000000 0.000000 0.000000 1.000000 0.000000 0.000000 -0.000000 -0.000000 1.000000 0.000000 0.000000 0.000000 0.000000 1.000000
1.000000 0.000000 0.000000 0.000000 0.000000 1.000000 0.000000 0.000000 -0.000000 0.000000 1.000000 0.000000 0.000000 0.000000 0.000000 1.000000
1.000000 0.000000 -0.000000 0.000000 0.000000 1.000000 0.000000 0.000000 0.000000 0.000000 1.000000 0.000000 0.000000 0.000000 0.000000 1.000000
1.000000 0.000000 0.000000 0.000000 0.000000 1.000000 0.000000 0.000000 0.000000 0.000000 1.000000 0.000000 0.000000 0.000000 0.000000 1.000000
1.000000 0.000000 -0.000000 0.000000 0.000000 1.000000 0.000000 0.000000 0.000000 0.000000 1.000000 0.000000 0.000000 0.000000 0.000000 1.000000
1.000000 -0.000000 0.000000 0.000000 -0.000000 1.000000 0.000000 0.000000 0.000000 0.000000 1.000000 0.000000 0.000000 0.000000 0.000000 1.000000
1.000000 0.000000 0.000000 0.000000 -0.000000 1.000000 0.000000 0.000000 0.000000 0.000000 1.000000 0.000000 0.000000 0.000000 0.000000 1.000000
1.000000 -0.000000 -0.000000 0.000000 0.000000 1.000000 0.000000 0.000000 -0.000000 -0.000000 1.000000 0.000000 0.000000 0.000000 0.000000 1.000000
1.000000 -0.000000 0.000000 0.000000 -0.000000 1.000000 0.000000 0.000000 0.000000 0.000000 1.000000 0.000000 0.000000 0.000000 0.000000 1.000000
1.000000 0.000000 0.000000 0.000000 -0.000000 1.000000 0.000000 0.000000 0.000000 0.000000 1.000000 0.000000 0.000000 0.000000 0.000000 1.000000
1.000000 0.000000 0.000000 0.000000 -0.000000 1.000000 0.000000 0.000000 0.000000 -0.000000 1.000000 0.000000 0.000000 0.000000 0.000000 1.000000
1.000000 -0.000000 0.000000 0.000000 -0.000000 1.000000 -0.000000 0.000000 -0.000000 0.000000 1.000000 0.000000 0.000000 0.000000 0.000000 1.000000
1.000000 0.000000 0.000000 0.000000 0.000000 1.000000 0.000000 0.000000 0.000000 -0.000000 1.000000 0.000000 0.000000 0.000000 0.000000 1.000000
1.000000 0.000000 -0.000000 0.000000 -0.000000 1.000000 -0.000000 0.000000 0.000000 -0.000000 1.000000 0.000000 0.000000 0.000000 0.000000 1.000000
1.000000 0.000000 -0.000000 0.000000 -0.000000 1.000000 0.000000 0.000000 0.000000 0.000000 1.000000 0.000000 0.000000 0.000000 0.000000 1.000000
1.000000 0.000000 0.000000 0.000000 0.000000 1.000000 -0.000000 0.000000 0.000000 0.000000 1.000000 0.000000 0.000000 0.000000 0.000000 1.000000
1.000000 0.000000 0.000000 0.000000 0.000000 1.000000 0.000000 0.000000 0.000000 -0.000000 1.000000 0.000000 0.000000 0.000000 0.000000 1.000000
1.000000 -0.000000 0.000000 0.000000 -0.000000 1.000000 0.000000 0.000000 0.000000 0.000000 1.000000 0.000000 0.000000 0.000000 0.000000 1.000000
1.000000 0.000000 0.000000 0.000000 -0.000000 1.000000 -0.000000 0.000000 0.000000 0.000000 1.000000 0.000000 0.000000 0.000000 0.000000 1.000000
1.000000 -0.000000 -0.000000 0.000000 0.000000 1.000000 0.000000 0.000000 -0.000000 -0.000000 1.000000 0.000000 0.000000 0.000000 0.000000 1.000000
1.000000 -0.000000 0.000000 0.000000 0.000000 1.000000 -0.000000 0.000000 0.000000 -0.000000 1.000000 0.000000 0.000000 0.000000 0.000000 1.000000
1.000000 -0.000000 -0.000000 0.000000 -0.000000 1.000000 0.000000 0.000000 0.000000 0.000000 1.000000 0.000000 0.000000 0.000000 0.000000 1.000000
1.000000 0.000000 -0.000000 0.000000 0.000000 1.000000 0.000000 0.000000 -0.000000 0.000000 1.000000 0.000000 0.000000 0.000000 0.000000 1.000000
1.000000 -0.000000 -0.000000 0.000000 -0.000000 1.000000 -0.000000 0.000000 -0.000000 0.000000 1.000000 0.000000 0.000000 0.000000 0.000000 1.000000
1.000000 -0.000000 0.000000 0.000000 -0.000000 1.000000 0.000000 0.000000 0.000000 -0.000000 1.000000 0.000000 0.000000 0.000000 0.000000 1.000000
1.000000 -0.000000 0.000000 0.000000 0.000000 1.000000 0.000000 0.000000 0.000000 0.000000 1.000000 0.000000 0.000000 0.000000 0.000000 1.000000
1.000000 0.000000 0.000000 0.000000 0.000000 1.000000 0.000000 0.000000 0.000000 0.000000 1.000000 0.000000 0.000000 0.000000 0.000000 1.000000
1.000000 0.000000 0.000000 0.000000 -0.000000 1.000000 0.000000 0.000000 0.000000 0.000000 1.000000 0.000000 0.000000 0.000000 0.000000 1.000000
1.000000 0.000000 0.000000 0.000000 0.000000 1.000000 0.000000 0.000000 0.000000 -0.000000 1.000000 0.000000 0.000000 0.000000 0.000000 1.000000
1.000000 -0.000000 -0.000000 0.000000 -0.000000 1.000000 0.000000 0.000000 0.000000 -0.000000 1.000000 0.000000 0.000000 0.000000 0.000000 1.000000
1.000000 0.000000 0.000000 0.000000 -0.000000 1.000000 0.000000 0.000000 0.000000 0.000000 1.000000 0.000000 0.000000 0.000000 0.000000 1.000000
1.000000 -0.000000 0.000000 0.000000 0.000000 1.000000 0.000000 0.000000 0.000000 0.000000 1.000000 0.000000 0.000000 0.000000 0.000000 1.000000
1.000000 0.000000 0.000000 0.000000 0.000000 1.000000 0.000000 0.000000 0.000000 0.000000 1.000000 0.000000 0.000000 0.000000 0.000000 1.000000
1.000000 0.000000 0.000000 0.000000 -0.000000 1.000000 0.000000 0.000000 0.000000 0.000000 1.000000 0.000000 0.000000 0.000000 0.000000 1.000000
1.000000 0.000000 -0.000000 0.000000 0.000000 1.000000 -0.000000 0.000000 0.000000 0.000000 1.000000 0.000000 0.000000 0.000000 0.000000 1.000000
1.000000 0.000000 -0.000000 0.000000 0.000000 1.000000 -0.000000 0.000000 0.000000 -0.000000 1.000000 0.000000 0.000000 0.000000 0.000000 1.000000
1.000000 -0.000000 -0.000000 0.000000 -0.000000 1.000000 -0.000000 0.000000 0.000000 0.000000 1.000000 0.000000 0.000000 0.000000 0.000000 1.000000
1.000000 0.000000 0.000000 0.000000 0.000000 1.000000 -0.000000 0.000000 0.000000 0.000000 1.000000 0.000000 0.000000 0.000000 0.000000 1.000000
1.000000 -0.000000 0.000000 0.000000 -0.000000 1.000000 0.000000 0.000000 0.000000 0.000000 1.000000 0.000000 0.000000 0.000000 0.000000 1.000000
1.000000 -0.000000 0.000000 0.000000 -0.000000 1.000000 0.000000 0.000000 -0.000000 -0.000000 1.000000 0.000000 0.000000 0.000000 0.000000 1.000000
1.000000 0.000000 0.000000 0.000000 -0.000000 1.000000 0.000000 0.000000 0.000000 -0.000000 1.000000 0.000000 0.000000 0.000000 0.000000 1.000000
1.000000 0.000000 0.000000 0.000000 0.000000 1.000000 -0.000000 0.000000 0.000000 0.000000 1.000000 0.000000 0.000000 0.000000 0.000000 1.000000
1.000000 0.000000 0.000000 0.000000 0.000000 1.000000 0.000000 0.000000 0.000000 -0.000000 1.000000 0.000000 0.000000 0.000000 0.000000 1.000000
1.000000 0.000000 0.000000 0.000000 0.000000 1.000000 -0.000000 0.000000 0.000000 -0.000000 1.000000 0.000000 0.000000 0.000000 0.000000 1.000000
1.000000 -0.000000 -0.000000 0.000000 0.000000 1.000000 0.000000 0.000000 0.000000 0.000000 1.000000 0.000000 0.000000 0.000000 0.000000 1.000000
1.000000 -0.000000 -0.000000 0.000000 -0.000000 1.000000 0.000000 0.000000 -0.000000 -0.000000 1.000000 0.000000 0.000000 0.000000 0.000000 1.000000
1.000000 -0.000000 0.000000 0.000000 0.000000 1.000000 0.000000 0.000000 0.000000 0.000000 1.000000 0.000000 0.000000 0.000000 0.000000 1.000000
1.000000 -0.000000 -0.000000 0.000000 -0.000000 1.000000 0.000000 0.000000 0.000000 0.000000 1.000000 0.000000 0.000000 0.000000 0.000000 1.000000
1.000000 -0.000000 0.000000 0.000000 0.000000 1.000000 0.000000 0.000000 0.000000 -0.000000 1.000000 0.000000 0.000000 0.000000 0.000000 1.000000
1.000000 -0.000000 0.000000 0.000000 0.000000 1.000000 -0.000000 0.000000 0.000000 0.000000 1.000000 0.000000 0.000000 0.000000 0.000000 1.000000
1.000000 0.000000 0.000000 0.000000 0.000000 1.000000 0.000000 0.000000 0.000000 0.000000 1.000000 0.000000 0.000000 0.000000 0.000000 1.000000
1.000000 -0.000000 0.000000 0.000000 0.000000 1.000000 0.000000 0.000000 -0.000000 0.000000 1.000000 0.000000 0.000000 0.000000 0.000000 1.000000
1.000000 0.000000 0.000000 0.000000 0.000000 1.000000 0.000000 0.000000 0.000000 -0.000000 1.000000 0.000000 0.000000 0.000000 0.000000 1.000000
1.000000 0.000000 0.000000 0.000000 -0.000000 1.000000 -0.000000 0.000000 0.000000 -0.000000 1.000000 0.000000 0.000000 0.000000 0.000000 1.000000
1.000000 0.000000 0.000000 0.000000 -0.000000 1.000000 -0.000000 0.000000 -0.000000 0.000000 1.000000 0.000000 0.000000 0.000000 0.000000 1.000000
1.000000 0.000000 0.000000 0.000000 0.000000 1.000000 0.000000 0.000000 0.000000 0.000000 1.000000 0.000000 0.000000 0.000000 0.000000 1.000000
1.000000 0.000000 -0.000000 0.000000 0.000000 1.000000 -0.000000 0.000000 0.000000 0.000000 1.000000 0.000000 0.000000 0.000000 0.000000 1.000000
1.000000 -0.000000 0.000000 0.000000 -0.000000 1.000000 0.000000 0.000000 -0.000000 0.000000 1.000000 0.000000 0.000000 0.000000 0.000000 1.000000
1.000000 -0.000000 -0.000000 0.000000 0.000000 1.000000 0.000000 0.000000 0.000000 -0.000000 1.000000 0.000000 0.000000 0.000000 0.000000 1.000000
1.000000 0.000000 0.000000 0.000000 0.000000 1.000000 0.000000 0.000000 0.000000 0.000000 1.000000 0.000000 0.000000 0.000000 0.000000 1.000000
1.000000 0.000000 0.000000 0.000000 -0.000000 1.000000 -0.000000 0.000000 0.000000 -0.000000 1.000000 0.000000 0.000000 0.000000 0.000000 1.000000
1.000000 -0.000000 0.000000 0.000000 -0.000000 1.000000 -0.000000 0.000000 0.000000 0.000000 1.000000 0.000000 0.000000 0.000000 0.000000 1.000000
1.000000 0.000000 0.000000 0.000000 0.000000 1.000000 0.000000 0.000000 -0.000000 -0.000000 1.000000 0.000000 0.000000 0.000000 0.000000 1.000000
1.000000 0.000000 0.000000 0.000000 0.000000 1.000000 0.000000 0.000000 -0.000000 -0.000000 1.000000 0.000000 0.000000 0.000000 0.000000 1.000000
1.000000 0.000000 -0.000000 0.000000 0.000000 1.000000 -0.000000 0.000000 0.000000 -0.000000 1.000000 0.000000 0.000000 0.000000 0.000000 1.000000
1.000000 -0.000000 0.000000 0.000000 0.000000 1.000000 0.000000 0.000000 -0.000000 -0.000000 1.000000 0.000000 0.000000 0.000000 0.000000 1.000000
1.000000 -0.000000 -0.000000 0.000000 0.000000 1.000000 -0.000000 0.000000 -0.000000 -0.000000 1.000000 0.000000 0.000000 0.000000 0.000000 1.000000
1.000000 -0.000000 0.000000 0.000000 0.000000 1.000000 0.000000 0.000000 0.000000 0.000000 1.000000 0.000000 0.000000 0.000000 0.000000 1.000000
1.000000 -0.000000 -0.000000 0.000000 -0.000000 1.000000 0.000000 0.000000 -0.000000 -0.000000 1.000000 0.000000 0.000000 0.000000 0.000000 1.000000
1.000000 -0.000000 0.000000 0.000000 0.000000 1.000000 0.000000 0.000000 -0.000000 0.000000 1.000000 0.000000 0.000000 0.000000 0.000000 1.000000
1.000000 -0.000000 0.000000 0.000000 -0.000000 1.000000 0.000000 0.000000 0.000000 0.000000 1.000000 0.000000 0.000000 0.000000 0.000000 1.000000
1.000000 0.000000 -0.000000 0.000000 0.000000 1.000000 0.000000 0.000000 -0.000000 0.000000 1.000000 0.000000 0.000000 0.000000 0.000000 1.000000
1.000000 0.000000 0.000000 0.000000 -0.000000 1.000000 0.000000 0.000000 0.000000 0.000000 1.000000 0.000000 0.000000 0.000000 0.000000 1.000000
1.000000 0.000000 0.000000 0.000000 0.000000 1.000000 -0.000000 0.000000 -0.000000 -0.000000 1.000000 0.000000 0.000000 0.000000 0.000000 1.000000
1.000000 0.000000 0.000000 0.000000 -0.000000 1.000000 -0.000000 0.000000 0.000000 -0.000000 1.000000 0.000000 0.000000 0.000000 0.000000 1.000000
1.000000 -0.000000 -0.000000 0.000000 -0.000000 1.000000 -0.000000 0.000000 0.000000 -0.000000 1.000000 0.000000 0.000000 0.000000 0.000000 1.000000
1.000000 -0.000000 0.000000 0.000000 -0.000000 1.000000 0.000000 0.000000 0.000000 0.000000 1.000000 0.000000 0.000000 0.000000 0.000000 1.000000
1.000000 -0.000000 0.000000 0.000000 -0.000000 1.000000 -0.000000 0.000000 0.000000 0.000000 1.000000 0.000000 0.000000 0.000000 0.000000 1.000000
1.000000 -0.000000 -0.000000 0.000000 0.000000 1.000000 0.000000 0.000000 0.000000 -0.000000 1.000000 0.000000 0.000000 0.000000 0.000000 1.000000
1.000000 0.000000 -0.000000 0.000000 -0.000000 1.000000 0.000000 0.000000 0.000000 -0.000000 1.000000 0.000000 0.000000 0.000000 0.000000 1.000000
1.000000 0.000000 0.000000 0.000000 -0.000000 1.000000 0.000000 0.000000 0.000000 0.000000 1.000000 0.000000 0.000000 0.000000 0.000000 1.000000
1.000000 0.000000 0.000000 0.000000 0.000000 1.000000 0.000000 0.000000 0.000000 0.000000 1.000000 0.000000 0.000000 0.000000 0.000000 1.000000
1.000000 0.000000 -0.000000 0.000000 -0.000000 1.000000 0.000000 0.000000 0.000000 -0.000000 1.000000 0.000000 0.000000 0.000000 0.000000 1.000000
1.000000 0.000000 -0.000000 0.000000 0.000000 1.000000 0.000000 0.000000 0.000000 0.000000 1.000000 0.000000 0.000000 0.000000 0.000000 1.000000
1.000000 -0.000000 0.000000 0.000000 0.000000 1.000000 0.000000 0.000000 0.000000 0.000000 1.000000 0.000000 0.000000 0.000000 0.000000 1.000000
1.000000 0.000000 0.000000 0.000000 -0.000000 1.000000 0.000000 0.000000 0.000000 0.000000 1.000000 0.000000 0.000000 0.000000 0.000000 1.000000
1.000000 0.000000 0.000000 0.000000 0.000000 1.000000 0.000000 0.000000 0.000000 0.000000 1.000000 0.000000 0.000000 0.000000 0.000000 1.000000
1.000000 0.000000 0.000000 0.000000 -0.000000 1.000000 0.000000 0.000000 0.000000 -0.000000 1.000000 0.000000 0.000000 0.000000 0.000000 1.000000
1.000000 0.000000 -0.000000 0.000000 0.000000 1.000000 0.000000 0.000000 -0.000000 0.000000 1.000000 0.000000 0.000000 0.000000 0.000000 1.000000
1.000000 0.000000 0.000000 0.000000 0.000000 1.000000 0.000000 0.000000 0.000000 0.000000 1.000000 0.000000 0.000000 0.000000 0.000000 1.000000
1.000000 0.000000 0.000000 0.000000 0.000000 1.000000 0.000000 0.000000 -0.000000 0.000000 1.000000 0.000000 0.000000 0.000000 0.000000 1.000000
1.000000 -0.000000 0.000000 0.000000 0.000000 1.000000 0.000000 0.000000 -0.000000 0.000000 1.000000 0.000000 0.000000 0.000000 0.000000 1.000000
1.000000 0.000000 0.000000 0.000000 -0.000000 1.000000 0.000000 0.000000 0.000000 0.000000 1.000000 0.000000 0.000000 0.000000 0.000000 1.000000</float_array><technique_common><accessor source="#Pelvis-Matrix-animation-output-transform-array" count="116" stride="16"><param type="float4x4"/></accessor></technique_common></source><source id="Pelvis-Interpolations"><Name_array id="Pelvis-Interpolations-array" count="116">
 LINEAR LINEAR LINEAR LINEAR LINEAR LINEAR LINEAR LINEAR LINEAR LINEAR LINEAR
LINEAR LINEAR LINEAR LINEAR LINEAR LINEAR LINEAR LINEAR LINEAR LINEAR LINEAR LINEAR
LINEAR LINEAR LINEAR LINEAR LINEAR LINEAR LINEAR LINEAR LINEAR LINEAR LINEAR LINEAR
LINEAR LINEAR LINEAR LINEAR LINEAR LINEAR LINEAR LINEAR LINEAR LINEAR LINEAR LINEAR
LINEAR LINEAR LINEAR LINEAR LINEAR LINEAR LINEAR LINEAR LINEAR LINEAR LINEAR LINEAR
LINEAR LINEAR LINEAR LINEAR LINEAR LINEAR LINEAR LINEAR LINEAR LINEAR LINEAR LINEAR
