<?xml version="1.0" encoding="utf-8"?>
<COLLADA xmlns="http://www.collada.org/2005/11/COLLADASchema" version="1.4.1">
  <asset><contributor><author>Mixamo</author><authoring_tool>COLLADA Mixamo exporter</authoring_tool><comments></comments></contributor><created>2018-11-10T05:22:32Z</created><modified>2018-11-10T05:22:32Z</modified><revision></revision><title></title><unit meter="0.010000"/><up_axis>Y_UP</up_axis></asset>
  <library_animations>
    <animation id="Hips-anim" name="Hips"><source id="Hips-Matrix-animation-input"><float_array id="Hips-Matrix-animation-input-array" count="101">

0.000000 0.033333 0.066667 0.100000 0.133333 0.166667 0.200000 0.233333 0.266667 0.300000 0.333333 0.366667 0.400000 0.433333 0.466667 0.500000
0.533333 0.566667 0.600000 0.633333 0.666667 0.700000 0.733333 0.766667 0.800000 0.833333 0.866667 0.900000 0.933333 0.966667 1.000000 1.033333
1.066667 1.100000 1.133333 1.166667 1.200000 1.233333 1.266667 1.300000 1.333333 1.366667 1.400000 1.433333 1.466667 1.500000 1.533333 1.566667
1.600000 1.633333 1.666667 1.700000 1.733333 1.766667 1.800000 1.833333 1.866667 1.900000 1.933333 1.966667 2.000000 2.033333 2.066667 2.100000
2.133333 2.166667 2.200000 2.233333 2.266667 2.300000 2.333333 2.366667 2.400000 2.433333 2.466667 2.500000 2.533333 2.566667 2.600000 2.633333
2.666667 2.700000 2.733333 2.766667 2.800000 2.833333 2.866667 2.900000 2.933333 2.966667 3.000000 3.033333 3.066667 3.100000 3.133333 3.166667
3.200000 3.233333 3.266667 3.300000 3.333333</float_array><technique_common><accessor source="#Hips-Matrix-animation-input-array" count="101"><param name="TIME" type="float"/></accessor></technique_common></source><source id="Hips-Matrix-animation-output-transform"><float_array id="Hips-Matrix-animation-output-transform-array" count="1616">

0.999863 -0.016344 0.002706 -0.011538 0.016351 0.999863 -0.002525 48.754982 -0.002665 0.002569 0.999993 1.122587 0.000000 0.000000 0.000000 1.000000
0.999878 -0.015461 0.002156 -0.003137 0.015466 0.999878 -0.002276 48.752819 -0.002121 0.002309 0.999995 1.108869 0.000000 0.000000 0.000000 1.000000
0.999885 -0.015061 0.001809 0.019923 0.015066 0.999883 -0.002738 48.742653 -0.001768 0.002765 0.999995 1.086602 0.000000 0.000000 0.000000 1.000000
0.999882 -0.015290 0.001642 0.048802 0.015296 0.999875 -0.003956 48.732193 -0.001581 0.003980 0.999991 1.057093 0.000000 0.000000 0.000000 1.000000
0.999867 -0.016255 0.001581 0.076023 0.016265 0.999849 -0.006132 48.721493 -0.001481 0.006157 0.999980 1.027983 0.000000 0.000000 0.000000 1.000000
0.999839 -0.017898 0.001476 0.091812 0.017912 0.999794 -0.009534 48.709667 -0.001305 0.009559 0.999953 1.010852 0.000000 0.000000 0.000000 1.000000
0.999801 -0.019933 0.001141 0.089251 0.019947 0.999699 -0.014287 48.693985 -0.000856 0.014307 0.999897 1.015814 0.000000 0.000000 0.000000 1.000000
0.999755 -0.022105 0.000604 0.068190 0.022113 0.999549 -0.020311 48.669704 -0.000154 0.020320 0.999794 1.047885 0.000000 0.000000 0.000000 1.000000
0.999699 -0.024542 0.000412 0.039108 0.024544 0.999323 -0.027415 48.635506 0.000262 0.027417 0.999624 1.107953 0.000000 0.000000 0.000000 1.000000
0.999614 -0.027745 0.001737 0.022635 0.027790 0.998990 -0.035307 48.599575 -0.000755 0.035342 0.999375 1.196458 0.000000 0.000000 0.000000 1.000000
0.999464 -0.032158 0.006117 0.039842 0.032394 0.998528 -0.043509 48.576340 -0.004709 0.043684 0.999034 1.310403 0.000000 0.000000 0.000000 1.000000
0.999177 -0.037724 0.014901 0.098803 0.038445 0.997936 -0.051440 48.574402 -0.012929 0.051970 0.998565 1.436012 0.000000 0.000000 0.000000 1.000000
0.998633 -0.043820 0.028483 0.188295 0.045433 0.997241 -0.058701 48.586643 -0.025832 0.059915 0.997869 1.549922 0.000000 0.000000 0.000000 1.000000
0.997736 -0.049551 0.045463 0.281208 0.052457 0.996498 -0.065123 48.599781 -0.042077 0.067360 0.996841 1.621813 0.000000 0.000000 0.000000 1.000000
0.996588 -0.054241 0.062218 0.344620 0.058590 0.995800 -0.070357 48.613491 -0.058141 0.073762 0.995580 1.617184 0.000000 0.000000 0.000000 1.000000
0.995584 -0.057896 0.073901 0.351589 0.063340 0.995275 -0.073593 48.635727 -0.069291 0.077949 0.994546 1.524289 0.000000 0.000000 0.000000 1.000000
0.995150 -0.061123 0.077071 0.289961 0.066846 0.995015 -0.074011 48.670261 -0.072163 0.078804 0.994275 1.371336 0.000000 0.000000 0.000000 1.000000
0.995327 -0.064227 0.072108 0.167143 0.069396 0.995014 -0.071631 48.716652 -0.067148 0.076300 0.994821 1.206747 0.000000 0.000000 0.000000 1.000000
0.995810 -0.066221 0.063058 0.008087 0.070454 0.995232 -0.067443 48.771183 -0.058291 0.071603 0.995728 1.083372 0.000000 0.000000 0.000000 1.000000
0.996367 -0.065233 0.054754 -0.150916 0.068616 0.995692 -0.062363 48.823555 -0.050450 0.065894 0.996550 1.045446 0.000000 0.000000 0.000000 1.000000
0.996939 -0.060287 0.049779 -0.268005 0.063062 0.996426 -0.056208 48.866333 -0.046213 0.059175 0.997177 1.086671 0.000000 0.000000 0.000000 1.000000
0.997451 -0.052697 0.048117 -0.301798 0.055009 0.997328 -0.048071 48.892426 -0.045456 0.050596 0.997684 1.156229 0.000000 0.000000 0.000000 1.000000
0.997765 -0.045718 0.048725 -0.225017 0.047575 0.998158 -0.037652 48.891670 -0.046914 0.039886 0.998102 1.199006 0.000000 0.000000 0.000000 1.000000
0.997817 -0.042280 0.050732 -0.029162 0.043643 0.998707 -0.026076 48.842266 -0.049564 0.028233 0.998372 1.178155 0.000000 0.000000 0.000000 1.000000
0.997673 -0.042534 0.053289 0.265240 0.043412 0.998938 -0.015425 48.740063 -0.052576 0.017703 0.998460 1.080425 0.000000 0.000000 0.000000 1.000000
0.997552 -0.043657 0.054633 0.604992 0.044117 0.999000 -0.007248 48.628677 -0.054262 0.009641 0.998480 0.912834 0.000000 0.000000 0.000000 1.000000
0.997744 -0.042170 0.052229 0.915094 0.042294 0.999104 -0.001285 48.555126 -0.052128 0.003491 0.998634 0.711809 0.000000 0.000000 0.000000 1.000000
0.998339 -0.036558 0.044519 1.117441 0.036407 0.999328 0.004201 48.546860 -0.044643 -0.002573 0.999000 0.531989 0.000000 0.000000 0.000000 1.000000
0.999095 -0.027556 0.032404 1.173319 0.027213 0.999569 0.010971 48.591557 -0.032693 -0.010079 0.999415 0.423295 0.000000 0.000000 0.000000 1.000000
0.999684 -0.016693 0.018769 1.110031 0.016324 0.999674 0.019648 48.654438 -0.019091 -0.019335 0.999631 0.408934 0.000000 0.000000 0.000000 1.000000
0.999966 -0.005090 0.006525 1.007077 0.004895 0.999552 0.029519 48.708012 -0.006673 -0.029486 0.999543 0.481616 0.000000 0.000000 0.000000 1.000000
0.999975 0.006529 -0.002858 0.945688 -0.006413 0.999216 0.039064 48.738060 0.003111 -0.039045 0.999233 0.613502 0.000000 0.000000 0.000000 1.000000
0.999806 0.017350 -0.009368 0.959778 -0.016895 0.998769 0.046645 48.740772 0.010165 -0.046478 0.998868 0.771705 0.000000 0.000000 0.000000 1.000000
0.999561 0.026340 -0.013590 1.029105 -0.025618 0.998378 0.050844 48.722588 0.014908 -0.050474 0.998614 0.931078 0.000000 0.000000 0.000000 1.000000
0.999343 0.032553 -0.015953 1.114932 -0.031711 0.998225 0.050414 48.685238 0.017566 -0.049875 0.998601 1.071343 0.000000 0.000000 0.000000 1.000000
0.999235 0.035464 -0.016505 1.194170 -0.034698 0.998405 0.044544 48.614235 0.018058 -0.043937 0.998871 1.169874 0.000000 0.000000 0.000000 1.000000
0.999262 0.035242 -0.015268 1.264437 -0.034705 0.998815 0.034114 48.503033 0.016452 -0.033559 0.999301 1.210231 0.000000 0.000000 0.000000 1.000000
0.999373 0.032995 -0.012853 1.324872 -0.032695 0.999203 0.022885 48.385189 0.013598 -0.022450 0.999655 1.197341 0.000000 0.000000 0.000000 1.000000
0.999472 0.030680 -0.010688 1.358929 -0.030502 0.999400 0.016401 48.330261 0.011185 -0.016066 0.999808 1.152062 0.000000 0.000000 0.000000 1.000000
0.999489 0.030267 -0.010294 1.340645 -0.030077 0.999382 0.018204 48.378960 0.010839 -0.017885 0.999781 1.114890 0.000000 0.000000 0.000000 1.000000
0.999400 0.032479 -0.012009 1.253675 -0.032149 0.999125 0.026736 48.493820 0.012867 -0.026334 0.999570 1.133894 0.000000 0.000000 0.000000 1.000000
0.999245 0.036078 -0.014407 1.092477 -0.035539 0.998718 0.036049 48.621552 0.015690 -0.035509 0.999246 1.212085 0.000000 0.000000 0.000000 1.000000
0.999123 0.039059 -0.015100 0.881455 -0.038432 0.998468 0.039812 48.724457 0.016632 -0.039197 0.999093 1.310353 0.000000 0.000000 0.000000 1.000000
0.999109 0.040396 -0.012205 0.682681 -0.039940 0.998569 0.035558 48.760971 0.013624 -0.035039 0.999293 1.387622 0.000000 0.000000 0.000000 1.000000
0.999172 0.040308 -0.005565 0.558544 -0.040152 0.998860 0.025804 48.732365 0.006599 -0.025559 0.999652 1.416659 0.000000 0.000000 0.000000 1.000000
0.999217 0.039455 0.003058 0.533817 -0.039498 0.999098 0.015615 48.680260 -0.002439 -0.015723 0.999873 1.384200 0.000000 0.000000 0.000000 1.000000
0.999213 0.038061 0.011178 0.588335 -0.038160 0.999233 0.008774 48.642239 -0.010836 -0.009194 0.999899 1.303323 0.000000 0.000000 0.000000 1.000000
0.999211 0.035857 0.017076 0.674467 -0.035968 0.999333 0.006249 48.634182 -0.016841 -0.006858 0.999835 1.207629 0.000000 0.000000 0.000000 1.000000
0.999256 0.032750 0.020356 0.746784 -0.032904 0.999432 0.007273 48.647392 -0.020106 -0.007937 0.999766 1.130091 0.000000 0.000000 0.000000 1.000000
0.999344 0.029160 0.021495 0.789029 -0.029398 0.999509 0.010809 48.663414 -0.021169 -0.011433 0.999711 1.077434 0.000000 0.000000 0.000000 1.000000
0.999451 0.025502 0.021144 0.803269 -0.025843 0.999538 0.015997 48.673019 -0.020726 -0.016534 0.999648 1.030755 0.000000 0.000000 0.000000 1.000000
0.999569 0.021694 0.019790 0.784800 -0.022129 0.999513 0.022011 48.681286 -0.019303 -0.022440 0.999562 0.967152 0.000000 0.000000 0.000000 1.000000
0.999690 0.017376 0.017844 0.725217 -0.017871 0.999448 0.027997 48.694958 -0.017348 -0.028307 0.999449 0.875234 0.000000 0.000000 0.000000 1.000000
0.999798 0.012389 0.015818 0.632139 -0.012908 0.999368 0.033129 48.710068 -0.015397 -0.033327 0.999326 0.761333 0.000000 0.000000 0.000000 1.000000
0.999875 0.006906 0.014252 0.529715 -0.007425 0.999298 0.036710 48.717442 -0.013989 -0.036811 0.999224 0.645315 0.000000 0.000000 0.000000 1.000000
0.999908 0.001266 0.013469 0.442323 -0.001781 0.999265 0.038280 48.715233 -0.013411 -0.038300 0.999176 0.555489 0.000000 0.000000 0.000000 1.000000
0.999901 -0.004145 0.013463 0.381052 0.003634 0.999281 0.037729 48.709568 -0.013610 -0.037677 0.999197 0.522041 0.000000 0.000000 0.000000 1.000000
0.999862 -0.008923 0.013997 0.335835 0.008423 0.999338 0.035386 48.708508 -0.014304 -0.035264 0.999276 0.560788 0.000000 0.000000 0.000000 1.000000
0.999810 -0.012786 0.014741 0.284032 0.012309 0.999412 0.031994 48.716560 -0.015141 -0.031807 0.999379 0.664351 0.000000 0.000000 0.000000 1.000000
0.999758 -0.015827 0.015300 0.210465 0.015386 0.999474 0.028561 48.731388 -0.015744 -0.028318 0.999475 0.806500 0.000000 0.000000 0.000000 1.000000
0.999712 -0.018597 0.015198 0.116118 0.018195 0.999493 0.026119 48.746216 -0.015676 -0.025835 0.999543 0.949183 0.000000 0.000000 0.000000 1.000000
0.999664 -0.021821 0.014022 0.014179 0.021459 0.999445 0.025485 48.760872 -0.014571 -0.025175 0.999577 1.051238 0.000000 0.000000 0.000000 1.000000
0.999594 -0.025965 0.011746 -0.075817 0.025639 0.999304 0.027091 48.774193 -0.012441 -0.026779 0.999564 1.087657 0.000000 0.000000 0.000000 1.000000
0.999480 -0.030985 0.008961 -0.138061 0.030694 0.999051 0.030902 48.782284 -0.009910 -0.030611 0.999482 1.057396 0.000000 0.000000 0.000000 1.000000
0.999314 -0.036429 0.006702 -0.169291 0.036162 0.998683 0.036388 48.776340 -0.008019 -0.036120 0.999315 0.978259 0.000000 0.000000 0.000000 1.000000
0.999108 -0.041818 0.005846 -0.181022 0.041532 0.998229 0.042598 48.752945 -0.007617 -0.042317 0.999075 0.873912 0.000000 0.000000 0.000000 1.000000
0.998873 -0.047000 0.006653 -0.196389 0.046625 0.997741 0.048355 48.723900 -0.008911 -0.047990 0.998808 0.766060 0.000000 0.000000 0.000000 1.000000
0.998599 -0.052166 0.008885 -0.237610 0.051629 0.997284 0.052530 48.708004 -0.011601 -0.051998 0.998580 0.676763 0.000000 0.000000 0.000000 1.000000
0.998266 -0.057586 0.012212 -0.310717 0.056841 0.996899 0.054416 48.713081 -0.015307 -0.053628 0.998444 0.633356 0.000000 0.000000 0.000000 1.000000
0.997862 -0.063313 0.016238 -0.397817 0.062351 0.996582 0.054183 48.728775 -0.019613 -0.053055 0.998399 0.651374 0.000000 0.000000 0.000000 1.000000
0.997411 -0.068975 0.020335 -0.468333 0.067821 0.996298 0.052829 48.747730 -0.023903 -0.051313 0.998397 0.710743 0.000000 0.000000 0.000000 1.000000
0.996985 -0.073866 0.023768 -0.505131 0.072568 0.996033 0.051499 48.768654 -0.027477 -0.049619 0.998390 0.775252 0.000000 0.000000 0.000000 1.000000
0.996665 -0.077387 0.025882 -0.513095 0.075998 0.995806 0.050943 48.795204 -0.029716 -0.048806 0.998366 0.816822 0.000000 0.000000 0.000000 1.000000
0.996481 -0.079571 0.026346 -0.514134 0.078147 0.995622 0.051273 48.835098 -0.030310 -0.049034 0.998337 0.823403 0.000000 0.000000 0.000000 1.000000
0.996378 -0.081115 0.025504 -0.537203 0.079708 0.995458 0.052056 48.888172 -0.029611 -0.049835 0.998318 0.800773 0.000000 0.000000 0.000000 1.000000
0.996266 -0.082836 0.024334 -0.603263 0.081467 0.995283 0.052681 48.951046 -0.028583 -0.050502 0.998315 0.761684 0.000000 0.000000 0.000000 1.000000
0.996088 -0.085088 0.023829 -0.711730 0.083746 0.995100 0.052554 49.013138 -0.028184 -0.050353 0.998334 0.718647 0.000000 0.000000 0.000000 1.000000
0.995854 -0.087647 0.024355 -0.835960 0.086317 0.994954 0.051147 49.056976 -0.028715 -0.048833 0.998394 0.687833 0.000000 0.000000 0.000000 1.000000
0.995613 -0.090034 0.025470 -0.938397 0.088733 0.994886 0.048259 49.087952 -0.029684 -0.045787 0.998510 0.673229 0.000000 0.000000 0.000000 1.000000
0.995432 -0.091769 0.026327 -0.985672 0.090551 0.994909 0.044232 49.115852 -0.030253 -0.041646 0.998674 0.675237 0.000000 0.000000 0.000000 1.000000
0.995375 -0.092396 0.026314 -0.967785 0.091308 0.995022 0.039926 49.138954 -0.029872 -0.037339 0.998856 0.692402 0.000000 0.000000 0.000000 1.000000
0.995488 -0.091433 0.025363 -0.901780 0.090483 0.995233 0.036376 49.140030 -0.028568 -0.033917 0.999016 0.717615 0.000000 0.000000 0.000000 1.000000
0.995794 -0.088493 0.023717 -0.815028 0.087659 0.995565 0.034159 49.106960 -0.026635 -0.031937 0.999135 0.744023 0.000000 0.000000 0.000000 1.000000
0.996267 -0.083594 0.021528 -0.726363 0.082857 0.996012 0.033098 49.060242 -0.024209 -0.031191 0.999220 0.763892 0.000000 0.000000 0.000000 1.000000
0.996837 -0.077249 0.018667 -0.637044 0.076618 0.996533 0.032435 49.030060 -0.021108 -0.030902 0.999300 0.774911 0.000000 0.000000 0.000000 1.000000
0.997413 -0.070316 0.014923 -0.543580 0.069824 0.997069 0.031274 48.998474 -0.017078 -0.030151 0.999399 0.800706 0.000000 0.000000 0.000000 1.000000
0.997921 -0.063586 0.010557 -0.460181 0.063252 0.997565 0.029397 48.941265 -0.012400 -0.028668 0.999512 0.841219 0.000000 0.000000 0.000000 1.000000
0.998343 -0.057203 0.006264 -0.395988 0.057014 0.998009 0.026956 48.879208 -0.007794 -0.026554 0.999617 0.870116 0.000000 0.000000 0.000000 1.000000
0.998695 -0.051018 0.002523 -0.346373 0.050944 0.998417 0.023849 48.826481 -0.003736 -0.023689 0.999712 0.886875 0.000000 0.000000 0.000000 1.000000
0.998979 -0.045166 -0.000556 -0.307714 0.045168 0.998781 0.019914 48.782265 -0.000344 -0.019919 0.999802 0.903869 0.000000 0.000000 0.000000 1.000000
0.999195 -0.040013 -0.002965 -0.275059 0.040053 0.999082 0.015179 48.750664 0.002355 -0.015286 0.999880 0.929037 0.000000 0.000000 0.000000 1.000000
0.999346 -0.035862 -0.004537 -0.241278 0.035906 0.999306 0.009945 48.738472 0.004177 -0.010101 0.999940 0.968670 0.000000 0.000000 0.000000 1.000000
0.999452 -0.032722 -0.005012 -0.202239 0.032746 0.999452 0.004752 48.745438 0.004853 -0.004913 0.999976 1.024212 0.000000 0.000000 0.000000 1.000000
0.999531 -0.030305 -0.004323 -0.156672 0.030307 0.999541 0.000256 48.758343 0.004314 -0.000387 0.999991 1.091856 0.000000 0.000000 0.000000 1.000000
0.999598 -0.028228 -0.002835 -0.106954 0.028219 0.999597 -0.003025 48.758080 0.002919 0.002944 0.999991 1.165634 0.000000 0.000000 0.000000 1.000000
0.999655 -0.026221 -0.001173 -0.061956 0.026215 0.999644 -0.004971 48.737602 0.001303 0.004938 0.999987 1.233226 0.000000 0.000000 0.000000 1.000000
0.999707 -0.024211 0.000150 -0.032021 0.024212 0.999690 -0.005876 48.710159 -0.000008 0.005878 0.999983 1.278801 0.000000 0.000000 0.000000 1.000000
0.999753 -0.022201 0.000980 -0.020205 0.022207 0.999734 -0.006153 48.696877 -0.000843 0.006173 0.999981 1.291172 0.000000 0.000000 0.000000 1.000000
0.999795 -0.020175 0.001501 -0.020463 0.020184 0.999779 -0.005901 48.707428 -0.001382 0.005930 0.999981 1.265129 0.000000 0.000000 0.000000 1.000000
0.999833 -0.018173 0.002013 -0.023155 0.018183 0.999823 -0.004820 48.733875 -0.001925 0.004856 0.999986 1.202706 0.000000 0.000000 0.000000 1.000000
0.999863 -0.016344 0.002707 -0.011546 0.016351 0.999863 -0.002526 48.754906 -0.002665 0.002570 0.999993 1.122690 0.000000 0.000000 0.000000 1.000000</float_array><technique_common><accessor source="#Hips-Matrix-animation-output-transform-array" count="101" stride="16"><param type="float4x4"/></accessor></technique_common></source><source id="Hips-Interpolations"><Name_array id="Hips-Interpolations-array" count="101">
 LINEAR LINEAR LINEAR LINEAR LINEAR LINEAR LINEAR LINEAR LINEAR LINEAR LINEAR
LINEAR LINEAR LINEAR LINEAR LINEAR LINEAR LINEAR LINEAR LINEAR LINEAR LINEAR LINEAR
LINEAR LINEAR LINEAR LINEAR LINEAR LINEAR LINEAR LINEAR LINEAR LINEAR LINEAR LINEAR
LINEAR LINEAR LINEAR LINEAR LINEAR LINEAR LINEAR LINEAR LINEAR LINEAR LINEAR LINEAR
LINEAR LINEAR LINEAR LINEAR LINEAR LINEAR LINEAR LINEAR LINEAR LINEAR LINEAR LINEAR
LINEAR LINEAR LINEAR LINEAR LINEAR LINEAR LINEAR LINEAR LINEAR LINEAR LINEAR LINEAR
LINEAR LINEAR LINEAR LINEAR LINEAR LINEAR LINEAR LINEAR LINEAR LINEAR LINEAR LINEAR
LINEAR LINEAR LINEAR LINEAR LINEAR LINEAR LINEAR LINEAR LINEAR LINEAR LINEAR LINEAR
LINEAR LINEAR LINEAR LINEAR LINEAR LINEAR</Name_array><technique_common><accessor source="#Hips-Interpolations-array" count="101"><param type="name"/></accessor></technique_common></source><sampler id="Hips-Matrix-animation-transform"><input semantic="INPUT" source="#Hips-Matrix-animation-input"/><input semantic="OUTPUT" source="#Hips-Matrix-animation-output-transform"/><input semantic="INTERPOLATION" source="#Hips-Interpolations"/></sampler><channel source="#Hips-Matrix-animation-transform" target="Hips/matrix"/></animation>
    <animation id="Pelvis-anim" name="Pelvis"><source id="Pelvis-Matrix-animation-input"><float_array id="Pelvis-Matrix-animation-input-array" count="101">

0.000000 0.033333 0.066667 0.100000 0.133333 0.166667 0.200000 0.233333 0.266667 0.300000 0.333333 0.366667 0.400000 0.433333 0.466667 0.500000
0.533333 0.566667 0.600000 0.633333 0.666667 0.700000 0.733333 0.766667 0.800000 0.833333 0.866667 0.900000 0.933333 0.966667 1.000000 1.033333
1.066667 1.100000 1.133333 1.166667 1.200000 1.233333 1.266667 1.300000 1.333333 1.366667 1.400000 1.433333 1.466667 1.500000 1.533333 1.566667
1.600000 1.633333 1.666667 1.700000 1.733333 1.766667 1.800000 1.833333 1.866667 1.900000 1.933333 1.966667 2.000000 2.033333 2.066667 2.100000
2.133333 2.166667 2.200000 2.233333 2.266667 2.300000 2.333333 2.366667 2.400000 2.433333 2.466667 2.500000 2.533333 2.566667 2.600000 2.633333
2.666667 2.700000 2.733333 2.766667 2.800000 2.833333 2.866667 2.900000 2.933333 2.966667 3.000000 3.033333 3.066667 3.100000 3.133333 3.166667
3.200000 3.233333 3.266667 3.300000 3.333333</float_array><technique_common><accessor source="#Pelvis-Matrix-animation-input-array" count="101"><param name="TIME" type="float"/></accessor></technique_common></source><source id="Pelvis-Matrix-animation-output-transform"><float_array id="Pelvis-Matrix-animation-output-transform-array" count="1616">

1.000000 -0.000000 0.000000 0.000000 0.000000 1.000000 0.000000 0.000000 -0.000000 0.000000 1.000000 0.000000 0.000000 0.000000 0.000000 1.000000
1.000000 0.000000 0.000000 0.000000 0.000000 1.000000 0.000000 0.000000 0.000000 0.000000 1.000000 0.000000 0.000000 0.000000 0.000000 1.000000
1.000000 -0.000000 0.000000 0.000000 -0.000000 1.000000 -0.000000 0.000000 0.000000 -0.000000 1.000000 0.000000 0.000000 0.000000 0.000000 1.000000
1.000000 -0.000000 0.000000 0.000000 0.000000 1.000000 0.000000 0.000000 0.000000 0.000000 1.000000 0.000000 0.000000 0.000000 0.000000 1.000000
1.000000 -0.000000 -0.000000 0.000000 0.000000 1.000000 0.000000 0.000000 -0.000000 -0.000000 1.000000 0.000000 0.000000 0.000000 0.000000 1.000000
1.000000 0.000000 0.000000 0.000000 0.000000 1.000000 0.000000 0.000000 0.000000 -0.000000 1.000000 0.000000 0.000000 0.000000 0.000000 1.000000
1.000000 -0.000000 0.000000 0.000000 -0.000000 1.000000 0.000000 0.000000 0.000000 0.000000 1.000000 0.000000 0.000000 0.000000 0.000000 1.000000
1.000000 0.000000 -0.000000 0.000000 0.000000 1.000000 0.000000 0.000000 0.000000 0.000000 1.000000 0.000000 0.000000 0.000000 0.000000 1.000000
1.000000 0.000000 -0.000000 0.000000 0.000000 1.000000 0.000000 0.000000 -0.000000 -0.000000 1.000000 0.000000 0.000000 0.000000 0.000000 1.000000
1.000000 -0.000000 0.000000 0.000000 -0.000000 1.000000 0.000000 0.000000 0.000000 -0.000000 1.000000 0.000000 0.000000 0.000000 0.000000 1.000000
1.000000 0.000000 0.000000 0.000000 -0.000000 1.000000 0.000000 0.000000 -0.000000 0.000000 1.000000 0.000000 0.000000 0.000000 0.000000 1.000000
1.000000 -0.000000 -0.000000 0.000000 -0.000000 1.000000 -0.000000 0.000000 0.000000 0.000000 1.000000 0.000000 0.000000 0.000000 0.000000 1.000000
1.000000 -0.000000 0.000000 0.000000 0.000000 1.000000 0.000000 0.000000 -0.000000 0.000000 1.000000 0.000000 0.000000 0.000000 0.000000 1.000000
1.000000 0.000000 -0.000000 0.000000 0.000000 1.000000 0.000000 0.000000 0.000000 0.000000 1.000000 0.000000 0.000000 0.000000 0.000000 1.000000
1.000000 -0.000000 -0.000000 0.000000 -0.000000 1.000000 -0.000000 0.000000 -0.000000 0.000000 1.000000 0.000000 0.000000 0.000000 0.000000 1.000000
1.000000 -0.000000 0.000000 0.000000 -0.000000 1.000000 -0.000000 0.000000 0.000000 0.000000 1.000000 0.000000 0.000000 0.000000 0.000000 1.000000
1.000000 -0.000000 0.000000 0.000000 -0.000000 1.000000 0.000000 0.000000 0.000000 0.000000 1.000000 0.000000 0.000000 0.000000 0.000000 1.000000
1.000000 0.000000 -0.000000 0.000000 0.000000 1.000000 0.000000 0.000000 0.000000 0.000000 1.000000 0.000000 0.000000 0.000000 0.000000 1.000000
1.000000 -0.000000 -0.000000 0.000000 -0.000000 1.000000 0.000000 0.000000 -0.000000 0.000000 1.000000 0.000000 0.000000 0.000000 0.000000 1.000000
1.000000 0.000000 0.000000 0.000000 0.000000 1.000000 -0.000000 0.000000 -0.000000 0.000000 1.000000 0.000000 0.000000 0.000000 0.000000 1.000000
1.000000 0.000000 0.000000 0.000000 -0.000000 1.000000 0.000000 0.000000 0.000000 0.000000 1.000000 0.000000 0.000000 0.000000 0.000000 1.000000
1.000000 0.000000 0.000000 0.000000 -0.000000 1.000000 -0.000000 0.000000 0.000000 -0.000000 1.000000 0.000000 0.000000 0.000000 0.000000 1.000000
1.000000 -0.000000 -0.000000 0.000000 -0.000000 1.000000 0.000000 0.000000 0.000000 -0.000000 1.000000 0.000000 0.000000 0.000000 0.000000 1.000000
1.000000 -0.000000 0.000000 0.000000 0.000000 1.000000 0.000000 0.000000 0.000000 0.000000 1.000000 0.000000 0.000000 0.000000 0.000000 1.000000
1.000000 -0.000000 -0.000000 0.000000 0.000000 1.000000 -0.000000 0.000000 0.000000 -0.000000 1.000000 0.000000 0.000000 0.000000 0.000000 1.000000
1.000000 0.000000 0.000000 0.000000 -0.000000 1.000000 0.000000 0.000000 -0.000000 0.000000 1.000000 0.000000 0.000000 0.000000 0.000000 1.000000
1.000000 0.000000 0.000000 0.000000 0.000000 1.000000 0.000000 0.000000 0.000000 0.000000 1.000000 0.000000 0.000000 0.000000 0.000000 1.000000
1.000000 -0.000000 0.000000 0.000000 -0.000000 1.000000 0.000000 0.000000 -0.000000 0.000000 1.000000 0.000000 0.000000 0.000000 0.000000 1.000000
1.000000 0.000000 -0.000000 0.000000 -0.000000 1.000000 0.000000 0.000000 0.000000 0.000000 1.000000 0.000000 0.000000 0.000000 0.000000 1.000000
1.000000 -0.000000 -0.000000 0.000000 -0.000000 1.000000 0.000000 0.000000 -0.000000 0.000000 1.000000 0.000000 0.000000 0.000000 0.000000 1.000000
1.000000 0.000000 0.000000 0.000000 -0.000000 1.000000 0.000000 0.000000 0.000000 0.000000 1.000000 0.000000 0.000000 0.000000 0.000000 1.000000
1.000000 0.000000 -0.000000 0.000000 0.000000 1.000000 0.000000 0.000000 0.000000 0.000000 1.000000 0.000000 0.000000 0.000000 0.000000 1.000000
1.000000 0.000000 -0.000000 0.000000 0.000000 1.000000 0.000000 0.000000 -0.000000 0.000000 1.000000 0.000000 0.000000 0.000000 0.000000 1.000000
1.000000 -0.000000 -0.000000 0.000000 -0.000000 1.000000 -0.000000 0.000000 0.000000 -0.000000 1.000000 0.000000 0.000000 0.000000 0.000000 1.000000
1.000000 -0.000000 -0.000000 0.000000 -0.000000 1.000000 0.000000 0.000000 -0.000000 0.000000 1.000000 0.000000 0.000000 0.000000 0.000000 1.000000
1.000000 -0.000000 0.000000 0.000000 0.000000 1.000000 0.000000 0.000000 -0.000000 0.000000 1.000000 0.000000 0.000000 0.000000 0.000000 1.000000
1.000000 0.000000 -0.000000 0.000000 -0.000000 1.000000 0.000000 0.000000 0.000000 0.000000 1.000000 0.000000 0.000000 0.000000 0.000000 1.000000
1.000000 -0.000000 0.000000 0.000000 -0.000000 1.000000 0.000000 0.000000 0.000000 -0.000000 1.000000 0.000000 0.000000 0.000000 0.000000 1.000000
1.000000 0.000000 0.000000 0.000000 0.000000 1.000000 0.000000 0.000000 0.000000 0.000000 1.000000 0.000000 0.000000 0.000000 0.000000 1.000000
1.000000 -0.000000 0.000000 0.000000 -0.000000 1.000000 0.000000 0.000000 0.000000 -0.000000 1.000000 0.000000 0.000000 0.000000 0.000000 1.000000
1.000000 0.000000 0.000000 0.000000 0.000000 1.000000 0.000000 0.000000 -0.000000 -0.000000 1.000000 0.000000 0.000000 0.000000 0.000000 1.000000
1.000000 0.000000 0.000000 0.000000 0.000000 1.000000 0.000000 0.000000 -0.000000 0.000000 1.000000 0.000000 0.000000 0.000000 0.000000 1.000000
1.000000 0.000000 0.000000 0.000000 -0.000000 1.000000 0.000000 0.000000 0.000000 -0.000000 1.000000 0.000000 0.000000 0.000000 0.000000 1.000000
1.000000 0.000000 0.000000 0.000000 0.000000 1.000000 0.000000 0.000000 0.000000 -0.000000 1.000000 0.000000 0.000000 0.000000 0.000000 1.000000
1.000000 -0.000000 0.000000 0.000000 -0.000000 1.000000 0.000000 0.000000 0.000000 0.000000 1.000000 0.000000 0.000000 0.000000 0.000000 1.000000
1.000000 -0.000000 -0.000000 0.000000 -0.000000 1.000000 -0.000000 0.000000 0.000000 0.000000 1.000000 0.000000 0.000000 0.000000 0.000000 1.000000
1.000000 -0.000000 -0.000000 0.000000 0.000000 1.000000 -0.000000 0.000000 0.000000 0.000000 1.000000 0.000000 0.000000 0.000000 0.000000 1.000000
1.000000 -0.000000 0.000000 0.000000 -0.000000 1.000000 -0.000000 0.000000 0.000000 0.000000 1.000000 0.000000 0.000000 0.000000 0.000000 1.000000
1.000000 -0.000000 0.000000 0.000000 -0.000000 1.000000 0.000000 0.000000 0.000000 0.000000 1.000000 0.000000 0.000000 0.000000 0.000000 1.000000
1.000000 0.000000 0.000000 0.000000 0.000000 1.000000 0.000000 0.000000 -0.000000 0.000000 1.000000 0.000000 0.000000 0.000000 0.000000 1.000000
1.000000 0.000000 0.000000 0.000000 0.000000 1.000000 -0.000000 0.000000 0.000000 -0.000000 1.000000 0.000000 0.000000 0.000000 0.000000 1.000000
1.000000 0.000000 0.000000 0.000000 0.000000 1.000000 0.000000 0.000000 -0.000000 0.000000 1.000000 0.000000 0.000000 0.000000 0.000000 1.000000
1.000000 0.000000 0.000000 0.000000 0.000000 1.000000 -0.000000 0.000000 0.000000 0.000000 1.000000 0.000000 0.000000 0.000000 0.000000 1.000000
1.000000 -0.000000 0.000000 0.000000 -0.000000 1.000000 0.000000 0.000000 0.000000 0.000000 1.000000 0.000000 0.000000 0.000000 0.000000 1.000000
1.000000 -0.000000 -0.000000 0.000000 0.000000 1.000000 -0.000000 0.000000 0.000000 -0.000000 1.000000 0.000000 0.000000 0.000000 0.000000 1.000000
1.000000 0.000000 0.000000 0.000000 -0.000000 1.000000 0.000000 0.000000 0.000000 0.000000 1.000000 0.000000 0.000000 0.000000 0.000000 1.000000
1.000000 0.000000 -0.000000 0.000000 -0.000000 1.000000 0.000000 0.000000 -0.000000 0.000000 1.000000 0.000000 0.000000 0.000000 0.000000 1.000000
1.000000 -0.000000 0.000000 0.000000 -0.000000 1.000000 -0.000000 0.000000 0.000000 0.000000 1.000000 0.000000 0.000000 0.000000 0.000000 1.000000
1.000000 -0.000000 -0.000000 0.000000 0.000000 1.000000 0.000000 0.000000 0.000000 0.000000 1.000000 0.000000 0.000000 0.000000 0.000000 1.000000
1.000000 0.000000 0.000000 0.000000 0.000000 1.000000 0.000000 0.000000 0.000000 0.000000 1.000000 0.000000 0.000000 0.000000 0.000000 1.000000
1.000000 0.000000 0.000000 0.000000 -0.000000 1.000000 0.000000 0.000000 0.000000 0.000000 1.000000 0.000000 0.000000 0.000000 0.000000 1.000000
1.000000 -0.000000 -0.000000 0.000000 -0.000000 1.000000 0.000000 0.000000 0.000000 0.000000 1.000000 0.000000 0.000000 0.000000 0.000000 1.000000
1.000000 0.000000 0.000000 0.000000 0.000000 1.000000 0.000000 0.000000 -0.000000 -0.000000 1.000000 0.000000 0.000000 0.000000 0.000000 1.000000
1.000000 0.000000 0.000000 0.000000 0.000000 1.000000 0.000000 0.000000 -0.000000 0.000000 1.000000 0.000000 0.000000 0.000000 0.000000 1.000000
1.000000 0.000000 0.000000 0.000000 0.000000 1.000000 0.000000 0.000000 0.000000 0.000000 1.000000 0.000000 0.000000 0.000000 0.000000 1.000000
1.000000 0.000000 0.000000 0.000000 -0.000000 1.000000 0.000000 0.000000 0.000000 0.000000 1.000000 0.000000 0.000000 0.000000 0.000000 1.000000
1.000000 0.000000 0.000000 0.000000 -0.000000 1.000000 0.000000 0.000000 0.000000 -0.000000 1.000000 0.000000 0.000000 0.000000 0.000000 1.000000
1.000000 0.000000 -0.000000 0.000000 0.000000 1.000000 -0.000000 0.000000 0.000000 0.000000 1.000000 0.000000 0.000000 0.000000 0.000000 1.000000
1.000000 -0.000000 0.000000 0.000000 -0.000000 1.000000 -0.000000 0.000000 0.000000 0.000000 1.000000 0.000000 0.000000 0.000000 0.000000 1.000000
1.000000 0.000000 0.000000 0.000000 0.000000 1.000000 0.000000 0.000000 0.000000 0.000000 1.000000 0.000000 0.000000 0.000000 0.000000 1.000000
1.000000 -0.000000 -0.000000 0.000000 -0.000000 1.000000 -0.000000 0.000000 0.000000 0.000000 1.000000 0.000000 0.000000 0.000000 0.000000 1.000000
1.000000 -0.000000 -0.000000 0.000000 0.000000 1.000000 0.000000 0.000000 0.000000 0.000000 1.000000 0.000000 0.000000 0.000000 0.000000 1.000000
1.000000 0.000000 0.000000 0.000000 -0.000000 1.000000 0.000000 0.000000 -0.000000 -0.000000 1.000000 0.000000 0.000000 0.000000 0.000000 1.000000
1.000000 -0.000000 0.000000 0.000000 0.000000 1.000000 0.000000 0.000000 0.000000 0.000000 1.000000 0.000000 0.000000 0.000000 0.000000 1.000000
1.000000 0.000000 0.000000 0.000000 0.000000 1.000000 -0.000000 0.000000 0.000000 0.000000 1.000000 0.000000 0.000000 0.000000 0.000000 1.000000
1.000000 -0.000000 -0.000000 0.000000 -0.000000 1.000000 0.000000 0.000000 0.000000 0.000000 1.000000 0.000000 0.000000 0.000000 0.000000 1.000000
1.000000 0.000000 0.000000 0.000000 -0.000000 1.000000 0.000000 0.000000 -0.000000 -0.000000 1.000000 0.000000 0.000000 0.000000 0.000000 1.000000
1.000000 0.000000 0.000000 0.000000 -0.000000 1.000000 0.000000 0.000000 0.000000 0.000000 1.000000 0.000000 0.000000 0.000000 0.000000 1.000000
1.000000 0.000000 0.000000 0.000000 0.000000 1.000000 0.000000 0.000000 0.000000 0.000000 1.000000 0.000000 0.000000 0.000000 0.000000 1.000000
1.000000 -0.000000 -0.000000 0.000000 -0.000000 1.000000 0.000000 0.000000 0.000000 0.000000 1.000000 0.000000 0.000000 0.000000 0.000000 1.000000
1.000000 -0.000000 -0.000000 0.000000 -0.000000 1.000000 0.000000 0.000000 0.000000 0.000000 1.000000 0.000000 0.000000 0.000000 0.000000 1.000000
1.000000 0.000000 -0.000000 0.000000 -0.000000 1.000000 0.000000 0.000000 0.000000 0.000000 1.000000 0.000000 0.000000 0.000000 0.000000 1.000000
1.000000 0.000000 0.000000 0.000000 -0.000000 1.000000 0.000000 0.000000 0.000000 0.000000 1.000000 0.000000 0.000000 0.000000 0.000000 1.000000
1.000000 -0.000000 0.000000 0.000000 0.000000 1.000000 0.000000 0.000000 0.000000 -0.000000 1.000000 0.000000 0.000000 0.000000 0.000000 1.000000
1.000000 0.000000 -0.000000 0.000000 -0.000000 1.000000 0.000000 0.000000 -0.000000 0.000000 1.000000 0.000000 0.000000 0.000000 0.000000 1.000000
1.000000 0.000000 -0.000000 0.000000 0.000000 1.000000 0.000000 0.000000 0.000000 0.000000 1.000000 0.000000 0.000000 0.000000 0.000000 1.000000
1.000000 0.000000 0.000000 0.000000 -0.000000 1.000000 0.000000 0.000000 0.000000 -0.000000 1.000000 0.000000 0.000000 0.000000 0.000000 1.000000
1.000000 0.000000 0.000000 0.000000 -0.000000 1.000000 -0.000000 0.000000 0.000000 0.000000 1.000000 0.000000 0.000000 0.000000 0.000000 1.000000
1.000000 -0.000000 0.000000 0.000000 0.000000 1.000000 0.000000 0.000000 0.000000 0.000000 1.000000 0.000000 0.000000 0.000000 0.000000 1.000000
1.000000 0.000000 -0.000000 0.000000 -0.000000 1.000000 -0.000000 0.000000 0.000000 0.000000 1.000000 0.000000 0.000000 0.000000 0.000000 1.000000
1.000000 -0.000000 -0.000000 0.000000 0.000000 1.000000 0.000000 0.000000 -0.000000 0.000000 1.000000 0.000000 0.000000 0.000000 0.000000 1.000000
1.000000 0.000000 0.000000 0.000000 -0.000000 1.000000 0.000000 0.000000 0.000000 0.000000 1.000000 0.000000 0.000000 0.000000 0.000000 1.000000
1.000000 0.000000 0.000000 0.000000 -0.000000 1.000000 0.000000 0.000000 0.000000 0.000000 1.000000 0.000000 0.000000 0.000000 0.000000 1.000000
1.000000 -0.000000 -0.000000 0.000000 0.000000 1.000000 0.000000 0.000000 -0.000000 0.000000 1.000000 0.000000 0.000000 0.000000 0.000000 1.000000
1.000000 -0.000000 -0.000000 0.000000 0.000000 1.000000 -0.000000 0.000000 -0.000000 0.000000 1.000000 0.000000 0.000000 0.000000 0.000000 1.000000
1.000000 0.000000 -0.000000 0.000000 -0.000000 1.000000 0.000000 0.000000 -0.000000 0.000000 1.000000 0.000000 0.000000 0.000000 0.000000 1.000000
1.000000 0.000000 -0.000000 0.000000 0.000000 1.000000 -0.000000 0.000000 -0.000000 -0.000000 1.000000 0.000000 0.000000 0.000000 0.000000 1.000000
1.000000 0.000000 -0.000000 0.000000 0.000000 1.000000 -0.000000 0.000000 -0.000000 -0.000000 1.000000 0.000000 0.000000 0.000000 0.000000 1.000000
1.000000 0.000000 0.000000 0.000000 -0.000000 1.000000 0.000000 0.000000 0.000000 0.000000 1.000000 0.000000 0.000000 0.000000 0.000000 1.000000
1.000000 0.000000 -0.000000 0.000000 -0.000000 1.000000 0.000000 0.000000 0.000000 0.000000 1.000000 0.000000 0.000000 0.000000 0.000000 1.000000
1.000000 0.000000 0.000000 0.000000 0.000000 1.000000 0.000000 0.000000 -0.000000 -0.000000 1.000000 0.000000 0.000000 0.000000 0.000000 1.000000</float_array><technique_common><accessor source="#Pelvis-Matrix-animation-output-transform-array" count="101" stride="16"><param type="float4x4"/></accessor></technique_common></source><source id="Pelvis-Interpolations"><Name_array id="Pelvis-Interpolations-array" count="101">
 LINEAR LINEAR LINEAR LINEAR LINEAR LINEAR LINEAR LINEAR LINEAR LINEAR LINEAR
LINEAR LINEAR LINEAR LINEAR LINEAR LINEAR LINEAR LINEAR LINEAR LINEAR LINEAR LINEAR
LINEAR LINEAR LINEAR LINEAR LINEAR LINEAR LINEAR LINEAR LINEAR LINEAR LINEAR LINEAR
LINEAR LINEAR LINEAR LINEAR LINEAR LINEAR LINEAR LINEAR LINEAR LINEAR LINEAR LINEAR
LINEAR LINEAR LINEAR LINEAR LINEAR LINEAR LINEAR LINEAR LINEAR LINEAR LINEAR LINEAR
LINEAR LINEAR LINEAR LINEAR LINEAR LINEAR LINEAR LINEAR LINEAR LINEAR LINEAR LINEAR
LINEAR LINEAR LINEAR LINEAR LINEAR LINEAR LINEAR LINEAR LINEAR LINEAR LINEAR LINEAR
LINEAR LINEAR LINEAR LINEAR LINEAR LINEAR LINEAR LINEAR LINEAR LINEAR LINEAR LINEAR
LINEAR LINEAR LINEAR LINEAR LINEAR LINEAR</Name_array><technique_common><accessor source="#Pelvis-Interpolations-array" count="101"><param type="name"/></accessor></technique_common></source><sampler id="Pelvis-Matrix-animation-transform"><input semantic="INPUT" source="#Pelvis-Matrix-animation-input"/><input semantic="OUTPUT" source="#Pelvis-Matrix-animation-output-transform"/><input semantic="INTERPOLATION" source="#Pelvis-Interpolations"/></sampler><channel source="#Pelvis-Matrix-animation-transform" target="Pelvis/matrix"/></animation>
    <animation id="LeftUpLeg-anim" name="LeftUpLeg"><source id="LeftUpLeg-Matrix-animation-input"><float_array id="LeftUpLeg-Matrix-animation-input-array" count="101">

0.000000 0.033333 0.066667 0.100000 0.133333 0.166667 0.200000 0.233333 0.266667 0.300000 0.333333 0.366667 0.400000 0.433333 0.466667 0.500000
0.533333 0.566667 0.600000 0.633333 0.666667 0.700000 0.733333 0.766667 0.800000 0.833333 0.866667 0.900000 0.933333 0.966667 1.000000 1.033333
1.066667 1.100000 1.133333 1.166667 1.200000 1.233333 1.266667 1.300000 1.333333 1.366667 1.400000 1.433333 1.466667 1.500000 1.533333 1.566667
1.600000 1.633333 1.666667 1.700000 1.733333 1.766667 1.800000 1.833333 1.866667 1.900000 1.933333 1.966667 2.000000 2.033333 2.066667 2.100000
2.133333 2.166667 2.200000 2.233333 2.266667 2.300000 2.333333 2.366667 2.400000 2.433333 2.466667 2.500000 2.533333 2.566667 2.600000 2.633333
2.666667 2.700000 2.733333 2.766667 2.800000 2.833333 2.866667 2.900000 2.933333 2.966667 3.000000 3.033333 3.066667 3.100000 3.133333 3.166667
3.200000 3.233333 3.266667 3.300000 3.333333</float_array><technique_common><accessor source="#LeftUpLeg-Matrix-animation-input-array" count="101"><param name="TIME" type="float"/></accessor></technique_common></source><source id="LeftUpLeg-Matrix-animation-output-transform"><float_array id="LeftUpLeg-Matrix-animation-output-transform-array" count="1616">

0.976945 -0.181783 -0.111952 8.479700 0.105839 -0.043017 0.993452 -4.795500 -0.185409 -0.982397 -0.022786 -0.379100 0.000000 0.000000 0.000000 1.000000
0.976747 -0.182370 -0.112723 8.479700 0.106567 -0.043243 0.993365 -4.795500 -0.186034 -0.982279 -0.022803 -0.379100 0.000000 0.000000 0.000000 1.000000
0.976722 -0.182314 -0.113031 8.479700 0.106703 -0.044182 0.993309 -4.795500 -0.186088 -0.982247 -0.023700 -0.379100 0.000000 0.000000 0.000000 1.000000
0.976868 -0.181656 -0.112825 8.479700 0.106253 -0.045542 0.993296 -4.795500 -0.185577 -0.982307 -0.025187 -0.379100 0.000000 0.000000 0.000000 1.000000
0.977158 -0.180469 -0.112216 8.479700 0.105306 -0.047459 0.993307 -4.795500 -0.184586 -0.982435 -0.027370 -0.379100 0.000000 0.000000 0.000000 1.000000
0.977486 -0.179065 -0.111613 8.479700 0.104213 -0.050240 0.993285 -4.795500 -0.183470 -0.982554 -0.030447 -0.379100 0.000000 0.000000 0.000000 1.000000
0.977747 -0.177745 -0.111431 8.479700 0.103334 -0.054210 0.993168 -4.795500 -0.182572 -0.982582 -0.034637 -0.379100 0.000000 0.000000 0.000000 1.000000
0.977910 -0.176591 -0.111835 8.479700 0.102794 -0.059570 0.992917 -4.795500 -0.182003 -0.982480 -0.040101 -0.379100 0.000000 0.000000 0.000000 1.000000
0.978100 -0.175197 -0.112364 8.479700 0.102173 -0.066171 0.992563 -4.795500 -0.181330 -0.982307 -0.046822 -0.379100 0.000000 0.000000 0.000000 1.000000
0.978667 -0.172472 -0.111641 8.479700 0.100260 -0.073373 0.992252 -4.795500 -0.179327 -0.982278 -0.054516 -0.379100 0.000000 0.000000 0.000000 1.000000
0.980007 -0.167127 -0.107955 8.479700 0.095615 -0.080227 0.992180 -4.795500 -0.174481 -0.982666 -0.062643 -0.379100 0.000000 0.000000 0.000000 1.000000
0.982292 -0.158345 -0.100146 8.479700 0.087312 -0.086045 0.992458 -4.795500 -0.165768 -0.983627 -0.070696 -0.379100 0.000000 0.000000 0.000000 1.000000
0.985248 -0.146471 -0.088500 8.479700 0.075673 -0.090947 0.992976 -4.795500 -0.153491 -0.985025 -0.078521 -0.379100 0.000000 0.000000 0.000000 1.000000
0.988306 -0.132975 -0.074630 8.479700 0.062195 -0.095340 0.993500 -4.795500 -0.139226 -0.986523 -0.085954 -0.379100 0.000000 0.000000 0.000000 1.000000
0.990829 -0.120398 -0.061330 8.479700 0.049512 -0.098810 0.993874 -4.795500 -0.125721 -0.987796 -0.091943 -0.379100 0.000000 0.000000 0.000000 1.000000
0.992375 -0.111799 -0.051898 8.479700 0.040726 -0.099992 0.994154 -4.795500 -0.116335 -0.988687 -0.094677 -0.379100 0.000000 0.000000 0.000000 1.000000
0.992853 -0.109134 -0.048291 8.479700 0.037640 -0.097637 0.994510 -4.795500 -0.113249 -0.989220 -0.092831 -0.379100 0.000000 0.000000 0.000000 1.000000
