<?xml version="1.0" encoding="utf-8"?>
<COLLADA xmlns="http://www.collada.org/2005/11/COLLADASchema" version="1.4.1">
  <asset><contributor><author>Mixamo</author><authoring_tool>COLLADA Mixamo exporter</authoring_tool><comments></comments></contributor><created>2018-11-10T05:30:12Z</created><modified>2018-11-10T05:30:12Z</modified><revision></revision><title></title><unit meter="0.010000"/><up_axis>Y_UP</up_axis></asset>
  <library_animations>
    <animation id="Hips-anim" name="Hips"><source id="Hips-Matrix-animation-input"><float_array id="Hips-Matrix-animation-input-array" count="495">

0.000000 0.033333 0.066667 0.100000 0.133333 0.166667 0.200000 0.233333 0.266667 0.300000 0.333333 0.366667 0.400000 0.433333 0.466667 0.500000
0.533333 0.566667 0.600000 0.633333 0.666667 0.700000 0.733333 0.766667 0.800000 0.833333 0.866667 0.900000 0.933333 0.966667 1.000000 1.033333
1.066667 1.100000 1.133333 1.166667 1.200000 1.233333 1.266667 1.300000 1.333333 1.366667 1.400000 1.433333 1.466667 1.500000 1.533333 1.566667
1.600000 1.633333 1.666667 1.700000 1.733333 1.766667 1.800000 1.833333 1.866667 1.900000 1.933333 1.966667 2.000000 2.033333 2.066667 2.100000
2.133333 2.166667 2.200000 2.233333 2.266667 2.300000 2.333333 2.366667 2.400000 2.433333 2.466667 2.500000 2.533333 2.566667 2.600000 2.633333
2.666667 2.700000 2.733333 2.766667 2.800000 2.833333 2.866667 2.900000 2.933333 2.966667 3.000000 3.033333 3.066667 3.100000 3.133333 3.166667
3.200000 3.233333 3.266667 3.300000 3.333333 3.366667 3.400000 3.433333 3.466667 3.500000 3.533333 3.566667 3.600000 3.633333 3.666667 3.700000
3.733333 3.766667 3.800000 3.833333 3.866667 3.900000 3.933333 3.966667 4.000000 4.033333 4.066667 4.100000 4.133333 4.166667 4.200000 4.233333
4.266667 4.300000 4.333333 4.366667 4.400000 4.433333 4.466667 4.500000 4.533333 4.566667 4.600000 4.633333 4.666667 4.700000 4.733333 4.766667
4.800000 4.833333 4.866667 4.900000 4.933333 4.966667 5.000000 5.033333 5.066667 5.100000 5.133333 5.166667 5.200000 5.233333 5.266667 5.300000
5.333333 5.366667 5.400000 5.433333 5.466667 5.500000 5.533333 5.566667 5.600000 5.633333 5.666667 5.700000 5.733333 5.766667 5.800000 5.833333
5.866667 5.900000 5.933333 5.966667 6.000000 6.033333 6.066667 6.100000 6.133333 6.166667 6.200000 6.233333 6.266667 6.300000 6.333333 6.366667
6.400000 6.433333 6.466667 6.500000 6.533333 6.566667 6.600000 6.633333 6.666667 6.700000 6.733333 6.766667 6.800000 6.833333 6.866667 6.900000
6.933333 6.966667 7.000000 7.033333 7.066667 7.100000 7.133333 7.166667 7.200000 7.233333 7.266667 7.300000 7.333333 7.366667 7.400000 7.433333
7.466667 7.500000 7.533333 7.566667 7.600000 7.633333 7.666667 7.700000 7.733333 7.766667 7.800000 7.833333 7.866667 7.900000 7.933333 7.966667
8.000000 8.033333 8.066667 8.100000 8.133333 8.166667 8.200000 8.233333 8.266667 8.300000 8.333333 8.366667 8.400000 8.433333 8.466667 8.500000
8.533333 8.566667 8.600000 8.633333 8.666667 8.700000 8.733333 8.766667 8.800000 8.833333 8.866667 8.900000 8.933333 8.966667 9.000000 9.033333
9.066667 9.100000 9.133333 9.166667 9.200000 9.233333 9.266667 9.300000 9.333333 9.366667 9.400000 9.433333 9.466667 9.500000 9.533333 9.566667
9.600000 9.633333 9.666667 9.700000 9.733333 9.766667 9.800000 9.833333 9.866667 9.900000 9.933333 9.966667 10.000000 10.033333 10.066667 10.100000
10.133333 10.166667 10.200000 10.233333 10.266667 10.300000 10.333333 10.366667 10.400000 10.433333 10.466667 10.500000 10.533333 10.566667 10.600000 10.633333
10.666667 10.700000 10.733333 10.766667 10.800000 10.833333 10.866667 10.900000 10.933333 10.966667 11.000000 11.033333 11.066667 11.100000 11.133333 11.166667
11.200000 11.233333 11.266667 11.300000 11.333333 11.366667 11.400000 11.433333 11.466667 11.500000 11.533333 11.566667 11.600000 11.633333 11.666667 11.700000
11.733333 11.766667 11.800000 11.833333 11.866667 11.900000 11.933333 11.966667 12.000000 12.033333 12.066667 12.100000 12.133333 12.166667 12.200000 12.233333
12.266667 12.300000 12.333333 12.366667 12.400000 12.433333 12.466667 12.500000 12.533333 12.566667 12.600000 12.633333 12.666667 12.700000 12.733333 12.766667
12.800000 12.833333 12.866667 12.900000 12.933333 12.966667 13.000000 13.033333 13.066667 13.100000 13.133333 13.166667 13.200000 13.233333 13.266667 13.300000
13.333333 13.366667 13.400000 13.433333 13.466667 13.500000 13.533333 13.566667 13.600000 13.633333 13.666667 13.700000 13.733333 13.766667 13.800000 13.833333
13.866667 13.900000 13.933333 13.966667 14.000000 14.033333 14.066667 14.100000 14.133333 14.166667 14.200000 14.233333 14.266667 14.300000 14.333333 14.366667
14.400000 14.433333 14.466667 14.500000 14.533333 14.566667 14.600000 14.633333 14.666667 14.700000 14.733333 14.766667 14.800000 14.833333 14.866667 14.900000
14.933333 14.966667 15.000000 15.033333 15.066667 15.100000 15.133333 15.166667 15.200000 15.233333 15.266667 15.300000 15.333333 15.366667 15.400000 15.433333
15.466667 15.500000 15.533333 15.566667 15.600000 15.633333 15.666667 15.700000 15.733333 15.766667 15.800000 15.833333 15.866667 15.900000 15.933333 15.966667
16.000000 16.033333 16.066667 16.100000 16.133333 16.166667 16.200000 16.233333 16.266667 16.300000 16.333333 16.366667 16.400000 16.433333 16.466667</float_array><technique_common><accessor source="#Hips-Matrix-animation-input-array" count="495"><param name="TIME" type="float"/></accessor></technique_common></source><source id="Hips-Matrix-animation-output-transform"><float_array id="Hips-Matrix-animation-output-transform-array" count="7920">

0.999809 -0.014910 -0.012607 0.010279 0.016796 0.986002 0.165888 45.737030 0.009958 -0.166068 0.986064 0.924852 0.000000 0.000000 0.000000 1.000000
0.999809 -0.014911 -0.012604 0.012429 0.016796 0.986000 0.165899 45.731815 0.009954 -0.166079 0.986062 0.924778 0.000000 0.000000 0.000000 1.000000
0.999810 -0.014904 -0.012603 0.016679 0.016795 0.985908 0.166441 45.727509 0.009945 -0.166621 0.985971 0.925062 0.000000 0.000000 0.000000 1.000000
0.999810 -0.014892 -0.012603 0.021081 0.016790 0.985799 0.167085 45.723682 0.009936 -0.167265 0.985862 0.912539 0.000000 0.000000 0.000000 1.000000
0.999810 -0.014893 -0.012605 0.026921 0.016789 0.985824 0.166941 45.722183 0.009940 -0.167120 0.985886 0.909063 0.000000 0.000000 0.000000 1.000000
0.999809 -0.014885 -0.012645 0.028272 0.016792 0.985761 0.167313 45.722801 0.009975 -0.167493 0.985823 0.905650 0.000000 0.000000 0.000000 1.000000
0.999809 -0.014872 -0.012695 0.025242 0.016792 0.985695 0.167698 45.722092 0.010019 -0.167879 0.985757 0.906061 0.000000 0.000000 0.000000 1.000000
0.999808 -0.014866 -0.012740 0.018104 0.016796 0.985644 0.168000 45.719772 0.010059 -0.168181 0.985705 0.910034 0.000000 0.000000 0.000000 1.000000
0.999808 -0.014846 -0.012798 0.017693 0.016788 0.985616 0.168166 45.713497 0.010117 -0.168349 0.985676 0.913735 0.000000 0.000000 0.000000 1.000000
0.999807 -0.014833 -0.012857 0.021745 0.016791 0.985517 0.168743 45.704079 0.010168 -0.168926 0.985576 0.903768 0.000000 0.000000 0.000000 1.000000
0.999808 -0.014818 -0.012849 0.032960 0.016783 0.985384 0.169520 45.697239 0.010149 -0.169703 0.985443 0.894268 0.000000 0.000000 0.000000 1.000000
0.999814 -0.014666 -0.012543 0.040224 0.016592 0.985201 0.170597 45.693542 0.009855 -0.170773 0.985261 0.885066 0.000000 0.000000 0.000000 1.000000
0.999814 -0.014423 -0.012840 0.047038 0.016409 0.985112 0.171130 45.691456 0.010180 -0.171309 0.985165 0.885730 0.000000 0.000000 0.000000 1.000000
0.999824 -0.014197 -0.012267 0.047756 0.016102 0.984868 0.172558 45.690239 0.009631 -0.172726 0.984923 0.876764 0.000000 0.000000 0.000000 1.000000
0.999833 -0.014015 -0.011703 0.053056 0.015837 0.984656 0.173788 45.684952 0.009088 -0.173944 0.984714 0.868478 0.000000 0.000000 0.000000 1.000000
0.999843 -0.013826 -0.011108 0.057851 0.015549 0.984605 0.174099 45.682331 0.008530 -0.174244 0.984665 0.872845 0.000000 0.000000 0.000000 1.000000
0.999847 -0.013989 -0.010502 0.063656 0.015614 0.984372 0.175408 45.676727 0.007884 -0.175545 0.984440 0.875680 0.000000 0.000000 0.000000 1.000000
0.999856 -0.013698 -0.010033 0.073050 0.015240 0.984525 0.174579 45.674362 0.007486 -0.174706 0.984592 0.875537 0.000000 0.000000 0.000000 1.000000
0.999864 -0.013389 -0.009579 0.080954 0.014854 0.984591 0.174242 45.671688 0.007098 -0.174361 0.984656 0.877448 0.000000 0.000000 0.000000 1.000000
0.999865 -0.013725 -0.009047 0.079486 0.015096 0.984479 0.174851 45.671131 0.006507 -0.174964 0.984553 0.873700 0.000000 0.000000 0.000000 1.000000
0.999870 -0.013660 -0.008552 0.079960 0.014944 0.984521 0.174628 45.670063 0.006034 -0.174733 0.984597 0.876201 0.000000 0.000000 0.000000 1.000000
0.999874 -0.013500 -0.008403 0.083001 0.014760 0.984516 0.174672 45.669182 0.005915 -0.174774 0.984591 0.876967 0.000000 0.000000 0.000000 1.000000
0.999881 -0.013324 -0.007755 0.091537 0.014473 0.984555 0.174474 45.669853 0.005310 -0.174566 0.984631 0.858315 0.000000 0.000000 0.000000 1.000000
0.999890 -0.012644 -0.007798 0.093797 0.013812 0.984517 0.174742 45.667900 0.005468 -0.174830 0.984583 0.864523 0.000000 0.000000 0.000000 1.000000
0.999893 -0.012660 -0.007273 0.096550 0.013740 0.984387 0.175479 45.662922 0.004938 -0.175560 0.984456 0.871630 0.000000 0.000000 0.000000 1.000000
0.999898 -0.012509 -0.006858 0.096596 0.013517 0.984453 0.175126 45.659485 0.004561 -0.175201 0.984522 0.866223 0.000000 0.000000 0.000000 1.000000
0.999909 -0.011979 -0.006207 0.099407 0.012881 0.984459 0.175140 45.654594 0.004012 -0.175204 0.984524 0.864859 0.000000 0.000000 0.000000 1.000000
0.999916 -0.011544 -0.005808 0.104579 0.012384 0.984432 0.175331 45.652077 0.003694 -0.175388 0.984492 0.865474 0.000000 0.000000 0.000000 1.000000
0.999924 -0.011145 -0.005329 0.109886 0.011906 0.984475 0.175121 45.649292 0.003295 -0.175171 0.984533 0.856296 0.000000 0.000000 0.000000 1.000000
0.999927 -0.010908 -0.005111 0.117181 0.011635 0.984492 0.175046 45.644909 0.003122 -0.175092 0.984547 0.867323 0.000000 0.000000 0.000000 1.000000
0.999928 -0.011077 -0.004603 0.119019 0.011713 0.984465 0.175190 45.646019 0.002591 -0.175231 0.984524 0.862038 0.000000 0.000000 0.000000 1.000000
0.999929 -0.010568 -0.005575 0.113952 0.011373 0.984851 0.173028 45.644238 0.003662 -0.173080 0.984901 0.871698 0.000000 0.000000 0.000000 1.000000
0.999928 -0.010089 -0.006463 0.103025 0.011046 0.985222 0.170926 45.640030 0.004643 -0.170985 0.985263 0.880948 0.000000 0.000000 0.000000 1.000000
0.999924 -0.010595 -0.006300 0.099954 0.011512 0.985359 0.170101 45.639820 0.004406 -0.170160 0.985407 0.886623 0.000000 0.000000 0.000000 1.000000
0.999917 -0.012211 -0.004022 0.107175 0.012721 0.985010 0.172026 45.645458 0.001861 -0.172063 0.985084 0.869930 0.000000 0.000000 0.000000 1.000000
0.999910 -0.012788 -0.004064 0.111741 0.013296 0.985106 0.171434 45.644394 0.001811 -0.171473 0.985187 0.867384 0.000000 0.000000 0.000000 1.000000
0.999901 -0.013317 -0.004437 0.106396 0.013879 0.985193 0.170888 45.635891 0.002095 -0.170932 0.985281 0.855468 0.000000 0.000000 0.000000 1.000000
0.999869 -0.015096 -0.005883 0.108873 0.015876 0.985312 0.170023 45.632812 0.003230 -0.170094 0.985422 0.844250 0.000000 0.000000 0.000000 1.000000
0.999814 -0.018087 -0.006759 0.090528 0.018967 0.985550 0.168322 45.643158 0.003616 -0.168418 0.985709 0.830735 0.000000 0.000000 0.000000 1.000000
0.999770 -0.019898 -0.007985 0.070047 0.020949 0.985860 0.166258 45.640717 0.004564 -0.166387 0.986050 0.823665 0.000000 0.000000 0.000000 1.000000
0.999702 -0.022517 -0.009395 0.041105 0.023763 0.985894 0.165676 45.635841 0.005532 -0.165849 0.986136 0.817989 0.000000 0.000000 0.000000 1.000000
0.999634 -0.024695 -0.011004 0.007645 0.026174 0.985939 0.165042 45.635971 0.006774 -0.165270 0.986225 0.809818 0.000000 0.000000 0.000000 1.000000
0.999568 -0.026756 -0.012158 -0.023625 0.028388 0.986081 0.163825 45.645435 0.007606 -0.164099 0.986414 0.798096 0.000000 0.000000 0.000000 1.000000
0.999500 -0.028567 -0.013547 -0.051578 0.030388 0.986287 0.162220 45.648884 0.008727 -0.162551 0.986662 0.790067 0.000000 0.000000 0.000000 1.000000
0.999421 -0.030573 -0.014961 -0.070342 0.032592 0.986309 0.161652 45.643288 0.009814 -0.162046 0.986734 0.785347 0.000000 0.000000 0.000000 1.000000
0.999352 -0.032567 -0.015347 -0.091046 0.034618 0.986317 0.161183 45.643688 0.009888 -0.161610 0.986805 0.775903 0.000000 0.000000 0.000000 1.000000
0.999275 -0.034372 -0.016356 -0.098768 0.036546 0.986493 0.159674 45.642208 0.010646 -0.160156 0.987034 0.779777 0.000000 0.000000 0.000000 1.000000
0.999195 -0.036290 -0.017074 -0.108038 0.038540 0.986625 0.158384 45.641014 0.011098 -0.158915 0.987230 0.778885 0.000000 0.000000 0.000000 1.000000
0.999114 -0.037974 -0.018141 -0.126531 0.040355 0.986774 0.156998 45.642273 0.011939 -0.157591 0.987432 0.780916 0.000000 0.000000 0.000000 1.000000
0.999021 -0.039843 -0.019232 -0.143515 0.042356 0.986907 0.155628 45.643684 0.012779 -0.156291 0.987628 0.768227 0.000000 0.000000 0.000000 1.000000
0.998936 -0.041587 -0.019947 -0.164898 0.044177 0.986987 0.154612 45.645851 0.013258 -0.155329 0.987774 0.761873 0.000000 0.000000 0.000000 1.000000
0.998858 -0.042889 -0.021064 -0.184086 0.045612 0.987195 0.152858 45.649910 0.014239 -0.153644 0.988024 0.761295 0.000000 0.000000 0.000000 1.000000
0.998801 -0.043996 -0.021479 -0.197526 0.046784 0.986993 0.153806 45.636974 0.014433 -0.154627 0.987868 0.750996 0.000000 0.000000 0.000000 1.000000
0.998756 -0.044784 -0.021942 -0.206337 0.047633 0.986957 0.153775 45.631752 0.014769 -0.154629 0.987862 0.746302 0.000000 0.000000 0.000000 1.000000
0.998714 -0.045437 -0.022510 -0.212089 0.048358 0.987005 0.153239 45.629658 0.015255 -0.154130 0.987933 0.761777 0.000000 0.000000 0.000000 1.000000
0.998691 -0.045732 -0.022911 -0.221679 0.048712 0.986976 0.153317 45.625450 0.015601 -0.154232 0.987911 0.781926 0.000000 0.000000 0.000000 1.000000
0.998675 -0.046059 -0.022962 -0.214043 0.049049 0.986910 0.153631 45.619675 0.015585 -0.154554 0.987861 0.785349 0.000000 0.000000 0.000000 1.000000
0.998661 -0.046332 -0.023029 -0.205755 0.049329 0.986896 0.153632 45.617058 0.015610 -0.154562 0.987860 0.779333 0.000000 0.000000 0.000000 1.000000
0.998648 -0.046577 -0.023071 -0.195073 0.049575 0.986908 0.153479 45.616760 0.015620 -0.154415 0.987883 0.769854 0.000000 0.000000 0.000000 1.000000
0.998637 -0.046783 -0.023120 -0.186635 0.049792 0.986843 0.153824 45.612453 0.015620 -0.154766 0.987828 0.759959 0.000000 0.000000 0.000000 1.000000
0.998628 -0.046809 -0.023467 -0.183155 0.049867 0.986873 0.153605 45.612461 0.015969 -0.154564 0.987854 0.764981 0.000000 0.000000 0.000000 1.000000
0.998613 -0.046857 -0.024010 -0.182398 0.049996 0.986896 0.153417 45.609989 0.016507 -0.154404 0.987870 0.768070 0.000000 0.000000 0.000000 1.000000
0.998588 -0.046924 -0.024891 -0.181152 0.050202 0.986853 0.153625 45.604538 0.017355 -0.154657 0.987816 0.759051 0.000000 0.000000 0.000000 1.000000
0.998561 -0.047031 -0.025765 -0.182479 0.050441 0.986858 0.153516 45.600304 0.018207 -0.154594 0.987810 0.761761 0.000000 0.000000 0.000000 1.000000
0.998536 -0.047153 -0.026499 -0.189542 0.050681 0.986797 0.153829 45.598717 0.018896 -0.154947 0.987742 0.791258 0.000000 0.000000 0.000000 1.000000
0.998521 -0.047267 -0.026874 -0.192187 0.050868 0.986662 0.154628 45.603012 0.019206 -0.155766 0.987607 0.800305 0.000000 0.000000 0.000000 1.000000
0.998513 -0.047173 -0.027317 -0.198129 0.050862 0.986513 0.155578 45.606647 0.019609 -0.156736 0.987446 0.787819 0.000000 0.000000 0.000000 1.000000
0.998499 -0.047621 -0.027051 -0.206039 0.051258 0.986528 0.155354 45.615990 0.019288 -0.156508 0.987488 0.759423 0.000000 0.000000 0.000000 1.000000
0.998495 -0.047769 -0.026943 -0.225735 0.051388 0.986526 0.155323 45.625526 0.019160 -0.156474 0.987496 0.753066 0.000000 0.000000 0.000000 1.000000
0.998490 -0.047980 -0.026761 -0.246792 0.051561 0.986570 0.154984 45.632893 0.018966 -0.156130 0.987554 0.769144 0.000000 0.000000 0.000000 1.000000
0.998516 -0.047748 -0.026180 -0.260488 0.051266 0.986375 0.156319 45.628399 0.018360 -0.157430 0.987360 0.799957 0.000000 0.000000 0.000000 1.000000
0.998551 -0.047310 -0.025661 -0.267551 0.050749 0.986428 0.156155 45.632542 0.017925 -0.157231 0.987399 0.830376 0.000000 0.000000 0.000000 1.000000
0.998595 -0.046539 -0.025353 -0.268084 0.049914 0.986688 0.154774 45.642368 0.017813 -0.155822 0.987624 0.847302 0.000000 0.000000 0.000000 1.000000
0.998653 -0.045618 -0.024727 -0.255981 0.048911 0.986694 0.155058 45.640553 0.017324 -0.156059 0.987596 0.863327 0.000000 0.000000 0.000000 1.000000
0.998682 -0.044674 -0.025286 -0.238690 0.048058 0.986796 0.154673 45.630009 0.018042 -0.155684 0.987642 0.853603 0.000000 0.000000 0.000000 1.000000
0.998762 -0.043168 -0.024732 -0.212698 0.046482 0.986893 0.154534 45.633038 0.017737 -0.155492 0.987678 0.832042 0.000000 0.000000 0.000000 1.000000
0.998879 -0.040590 -0.024363 -0.189154 0.043908 0.986741 0.156251 45.639824 0.017698 -0.157146 0.987417 0.817572 0.000000 0.000000 0.000000 1.000000
0.998982 -0.037954 -0.024377 -0.177000 0.041351 0.986463 0.158685 45.638878 0.018024 -0.159532 0.987028 0.800474 0.000000 0.000000 0.000000 1.000000
0.999104 -0.035364 -0.023251 -0.157324 0.038662 0.986128 0.161423 45.623547 0.017219 -0.162178 0.986611 0.778859 0.000000 0.000000 0.000000 1.000000
0.999237 -0.031968 -0.022417 -0.132710 0.035256 0.985461 0.166206 45.588726 0.016778 -0.166870 0.985836 0.735930 0.000000 0.000000 0.000000 1.000000
0.999367 -0.028137 -0.021778 -0.105447 0.031432 0.984971 0.169836 45.555092 0.016672 -0.170413 0.985232 0.694841 0.000000 0.000000 0.000000 1.000000
0.999473 -0.024814 -0.020910 -0.080459 0.028086 0.984266 0.174444 45.528389 0.016252 -0.174940 0.984445 0.659491 0.000000 0.000000 0.000000 1.000000
0.999564 -0.020875 -0.020896 -0.063214 0.024308 0.983274 0.180502 45.506992 0.016779 -0.180931 0.983353 0.618175 0.000000 0.000000 0.000000 1.000000
0.999680 -0.016074 -0.019552 -0.036645 0.019424 0.982470 0.185408 45.486275 0.016229 -0.185728 0.982467 0.595504 0.000000 0.000000 0.000000 1.000000
0.999782 -0.011072 -0.017714 -0.006564 0.014247 0.981568 0.190582 45.473431 0.015277 -0.190792 0.981512 0.579561 0.000000 0.000000 0.000000 1.000000
0.999856 -0.006298 -0.015750 0.032117 0.009249 0.980765 0.194972 45.469837 0.014219 -0.195089 0.980682 0.579072 0.000000 0.000000 0.000000 1.000000
0.999897 -0.002180 -0.014170 0.079008 0.004940 0.980232 0.197790 45.475830 0.013458 -0.197840 0.980142 0.586060 0.000000 0.000000 0.000000 1.000000
0.999912 0.001616 -0.013202 0.107777 0.001095 0.979216 0.202819 45.487099 0.013256 -0.202815 0.979127 0.621151 0.000000 0.000000 0.000000 1.000000
0.999920 0.004887 -0.011678 0.138557 -0.002371 0.978459 0.206426 45.510136 0.012435 -0.206382 0.978392 0.650404 0.000000 0.000000 0.000000 1.000000
0.999924 0.007647 -0.009641 0.180302 -0.005489 0.978365 0.206814 45.536167 0.011014 -0.206745 0.978333 0.694710 0.000000 0.000000 0.000000 1.000000
0.999916 0.011336 -0.006238 0.205349 -0.009783 0.977897 0.208860 45.563736 0.008468 -0.208782 0.977926 0.716507 0.000000 0.000000 0.000000 1.000000
0.999877 0.014891 -0.004863 0.240808 -0.013546 0.977800 0.209102 45.572868 0.007869 -0.209011 0.977882 0.725212 0.000000 0.000000 0.000000 1.000000
0.999827 0.018268 -0.003484 0.289249 -0.017133 0.977683 0.209386 45.564129 0.007232 -0.209290 0.977827 0.696119 0.000000 0.000000 0.000000 1.000000
0.999762 0.021767 -0.001364 0.327727 -0.021005 0.977843 0.208282 45.556473 0.005867 -0.208204 0.978068 0.679580 0.000000 0.000000 0.000000 1.000000
0.999681 0.025239 0.001039 0.363391 -0.024913 0.978320 0.205593 45.549080 0.004173 -0.205554 0.978637 0.674125 0.000000 0.000000 0.000000 1.000000
0.999583 0.028651 0.003468 0.397078 -0.028760 0.978912 0.202249 45.546814 0.002400 -0.202265 0.979328 0.680781 0.000000 0.000000 0.000000 1.000000
0.999469 0.032051 0.005857 0.427931 -0.032576 0.979534 0.198626 45.552525 0.000629 -0.198712 0.980058 0.691794 0.000000 0.000000 0.000000 1.000000
0.999333 0.035617 0.008057 0.458029 -0.036505 0.980078 0.195230 45.564556 -0.000943 -0.195394 0.980724 0.710020 0.000000 0.000000 0.000000 1.000000
0.999190 0.039107 0.009524 0.490400 -0.040210 0.980483 0.192447 45.586349 -0.001812 -0.192674 0.981261 0.727089 0.000000 0.000000 0.000000 1.000000
0.999058 0.042060 0.010674 0.518269 -0.043326 0.980586 0.191243 45.615021 -0.002423 -0.191526 0.981485 0.739901 0.000000 0.000000 0.000000 1.000000
0.998936 0.044436 0.012305 0.545520 -0.045963 0.980838 0.189323 45.641079 -0.003656 -0.189688 0.981838 0.753341 0.000000 0.000000 0.000000 1.000000
0.998844 0.045865 0.014396 0.568986 -0.047754 0.981072 0.187660 45.652542 -0.005517 -0.188131 0.982128 0.764867 0.000000 0.000000 0.000000 1.000000
0.998771 0.046934 0.015918 0.589679 -0.049081 0.981261 0.186325 45.656593 -0.006874 -0.186878 0.982359 0.771168 0.000000 0.000000 0.000000 1.000000
0.998725 0.047500 0.017094 0.607340 -0.049855 0.981243 0.186218 45.651028 -0.007928 -0.186833 0.982360 0.766391 0.000000 0.000000 0.000000 1.000000
0.998708 0.047461 0.018156 0.611997 -0.050009 0.981381 0.185449 45.650734 -0.009017 -0.186117 0.982486 0.765804 0.000000 0.000000 0.000000 1.000000
0.998698 0.047276 0.019156 0.612961 -0.050005 0.981550 0.184552 45.648243 -0.010077 -0.185269 0.982636 0.768191 0.000000 0.000000 0.000000 1.000000
0.998729 0.046814 0.018654 0.593606 -0.049448 0.981760 0.183584 45.644329 -0.009720 -0.184273 0.982827 0.762410 0.000000 0.000000 0.000000 1.000000
0.998763 0.046525 0.017534 0.576971 -0.048953 0.981870 0.183128 45.632362 -0.008696 -0.183759 0.982933 0.754570 0.000000 0.000000 0.000000 1.000000
0.998799 0.046211 0.016277 0.560786 -0.048412 0.981944 0.182874 45.623909 -0.007532 -0.183442 0.983002 0.751600 0.000000 0.000000 0.000000 1.000000
0.998845 0.045587 0.015188 0.544248 -0.047600 0.981929 0.183168 45.615883 -0.006563 -0.183679 0.982964 0.747871 0.000000 0.000000 0.000000 1.000000
0.998886 0.044981 0.014252 0.523872 -0.046835 0.981900 0.183519 45.609440 -0.005740 -0.183982 0.982913 0.741697 0.000000 0.000000 0.000000 1.000000
0.998921 0.044366 0.013739 0.503310 -0.046137 0.981873 0.183837 45.608551 -0.005334 -0.184272 0.982861 0.735195 0.000000 0.000000 0.000000 1.000000
0.998942 0.043893 0.013696 0.487872 -0.045668 0.981761 0.184554 45.607605 -0.005345 -0.184984 0.982727 0.730753 0.000000 0.000000 0.000000 1.000000
0.998937 0.043864 0.014181 0.484178 -0.045732 0.981689 0.184922 45.605598 -0.005810 -0.185374 0.982651 0.729130 0.000000 0.000000 0.000000 1.000000
0.998945 0.043814 0.013772 0.488324 -0.045609 0.981632 0.185253 45.605400 -0.005402 -0.185686 0.982594 0.731705 0.000000 0.000000 0.000000 1.000000
0.998960 0.043434 0.013898 0.510988 -0.045260 0.981623 0.185385 45.602184 -0.005591 -0.185821 0.982568 0.736594 0.000000 0.000000 0.000000 1.000000
0.998991 0.042554 0.014358 0.535368 -0.044480 0.981676 0.185295 45.600285 -0.006209 -0.185747 0.982578 0.738093 0.000000 0.000000 0.000000 1.000000
0.999028 0.041497 0.014847 0.549785 -0.043527 0.981850 0.184599 45.600273 -0.006917 -0.185066 0.982702 0.740059 0.000000 0.000000 0.000000 1.000000
0.999080 0.040133 0.015102 0.543211 -0.042230 0.981996 0.184119 45.592247 -0.007441 -0.184587 0.982788 0.725448 0.000000 0.000000 0.000000 1.000000
0.999141 0.038766 0.014628 0.511515 -0.040795 0.982170 0.183517 45.587799 -0.007253 -0.183956 0.982908 0.717900 0.000000 0.000000 0.000000 1.000000
0.999186 0.037810 0.014033 0.465219 -0.039761 0.981771 0.185860 45.585701 -0.006750 -0.186266 0.982476 0.712394 0.000000 0.000000 0.000000 1.000000
0.999198 0.037753 0.013379 0.403695 -0.039633 0.980175 0.194128 45.585785 -0.005785 -0.194502 0.980885 0.691194 0.000000 0.000000 0.000000 1.000000
0.999231 0.037254 0.012194 0.374335 -0.038932 0.979429 0.198000 45.577328 -0.004567 -0.198323 0.980126 0.674563 0.000000 0.000000 0.000000 1.000000
0.999272 0.036643 0.010657 0.363318 -0.038019 0.980002 0.195321 45.567822 -0.003287 -0.195584 0.980681 0.672743 0.000000 0.000000 0.000000 1.000000
0.999348 0.035021 0.008771 0.372969 -0.036049 0.981258 0.189297 45.562759 -0.001977 -0.189490 0.981881 0.698743 0.000000 0.000000 0.000000 1.000000
0.999410 0.033638 0.007012 0.384641 -0.034352 0.982774 0.181592 45.558506 -0.000783 -0.181726 0.983349 0.729236 0.000000 0.000000 0.000000 1.000000
0.999458 0.032470 0.005444 0.397156 -0.032922 0.984120 0.174426 45.554127 0.000306 -0.174510 0.984655 0.749671 0.000000 0.000000 0.000000 1.000000
0.999493 0.031499 0.004599 0.412810 -0.031822 0.984852 0.170451 45.548229 0.000840 -0.170511 0.985355 0.773787 0.000000 0.000000 0.000000 1.000000
0.999516 0.030721 0.004901 0.418867 -0.031107 0.984964 0.169939 45.540676 0.000393 -0.170009 0.985442 0.782539 0.000000 0.000000 0.000000 1.000000
0.999531 0.030135 0.005519 0.409686 -0.030635 0.984690 0.171599 45.535774 -0.000263 -0.171687 0.985151 0.777735 0.000000 0.000000 0.000000 1.000000
0.999541 0.029803 0.005356 0.396350 -0.030280 0.984555 0.172438 45.534466 -0.000134 -0.172521 0.985006 0.775382 0.000000 0.000000 0.000000 1.000000
0.999545 0.029675 0.005358 0.378164 -0.030155 0.984529 0.172607 45.534679 -0.000153 -0.172690 0.984976 0.766575 0.000000 0.000000 0.000000 1.000000
0.999548 0.029644 0.005028 0.360020 -0.030066 0.984349 0.173645 45.535034 0.000198 -0.173718 0.984795 0.759231 0.000000 0.000000 0.000000 1.000000
0.999550 0.029490 0.005507 0.348746 -0.029998 0.984105 0.175036 45.529800 -0.000258 -0.175123 0.984547 0.747512 0.000000 0.000000 0.000000 1.000000
0.999551 0.029367 0.005948 0.350986 -0.029956 0.983874 0.176338 45.519829 -0.000673 -0.176437 0.984312 0.737836 0.000000 0.000000 0.000000 1.000000
0.999552 0.029373 0.005781 0.368879 -0.029932 0.983909 0.176143 45.517311 -0.000514 -0.176237 0.984348 0.714925 0.000000 0.000000 0.000000 1.000000
0.999552 0.029422 0.005428 0.384340 -0.029918 0.983986 0.175718 45.517124 -0.000171 -0.175802 0.984425 0.697052 0.000000 0.000000 0.000000 1.000000
0.999553 0.029448 0.005225 0.390570 -0.029908 0.983925 0.176062 45.516346 0.000044 -0.176140 0.984365 0.686000 0.000000 0.000000 0.000000 1.000000
0.999553 0.029416 0.005383 0.387318 -0.029904 0.983776 0.176889 45.516426 -0.000092 -0.176971 0.984216 0.678479 0.000000 0.000000 0.000000 1.000000
0.999552 0.029309 0.006130 0.381821 -0.029932 0.983636 0.177665 45.513290 -0.000822 -0.177769 0.984072 0.672070 0.000000 0.000000 0.000000 1.000000
0.999550 0.029387 0.006044 0.372556 -0.029995 0.983333 0.179325 45.508167 -0.000674 -0.179426 0.983771 0.668933 0.000000 0.000000 0.000000 1.000000
0.999549 0.029321 0.006434 0.374053 -0.030000 0.983330 0.179339 45.503178 -0.001068 -0.179451 0.983766 0.673909 0.000000 0.000000 0.000000 1.000000
0.999555 0.028989 0.007101 0.378724 -0.029791 0.983485 0.178520 45.496704 -0.001809 -0.178652 0.983911 0.671461 0.000000 0.000000 0.000000 1.000000
0.999562 0.028683 0.007349 0.387583 -0.029532 0.983740 0.177153 45.493042 -0.002149 -0.177292 0.984156 0.690762 0.000000 0.000000 0.000000 1.000000
0.999564 0.028528 0.007552 0.395079 -0.029410 0.984047 0.175462 45.493073 -0.002426 -0.175607 0.984457 0.707921 0.000000 0.000000 0.000000 1.000000
0.999565 0.028453 0.007776 0.400147 -0.029372 0.984281 0.174150 45.496399 -0.002698 -0.174302 0.984688 0.720809 0.000000 0.000000 0.000000 1.000000
0.999563 0.028354 0.008379 0.408324 -0.029374 0.984587 0.172411 45.496292 -0.003361 -0.172581 0.984990 0.734361 0.000000 0.000000 0.000000 1.000000
0.999556 0.028545 0.008490 0.400988 -0.029580 0.984659 0.171964 45.497246 -0.003451 -0.172139 0.985067 0.723963 0.000000 0.000000 0.000000 1.000000
0.999556 0.028524 0.008583 0.393665 -0.029583 0.984310 0.173952 45.491592 -0.003486 -0.174129 0.984717 0.710444 0.000000 0.000000 0.000000 1.000000
0.999561 0.028203 0.009123 0.392143 -0.029369 0.983953 0.175992 45.483017 -0.004013 -0.176183 0.984349 0.699850 0.000000 0.000000 0.000000 1.000000
0.999567 0.027589 0.010238 0.397681 -0.028964 0.983893 0.176399 45.477173 -0.005206 -0.176619 0.984266 0.694707 0.000000 0.000000 0.000000 1.000000
0.999575 0.026664 0.011825 0.410267 -0.028323 0.984158 0.175019 45.472084 -0.006970 -0.175280 0.984494 0.691625 0.000000 0.000000 0.000000 1.000000
0.999584 0.025780 0.012969 0.417586 -0.027644 0.984371 0.173926 45.466534 -0.008282 -0.174212 0.984673 0.691950 0.000000 0.000000 0.000000 1.000000
0.999599 0.025127 0.013041 0.411437 -0.027017 0.984327 0.174273 45.459801 -0.008458 -0.174555 0.984611 0.703418 0.000000 0.000000 0.000000 1.000000
0.999616 0.024643 0.012701 0.398923 -0.026479 0.984383 0.174037 45.454132 -0.008213 -0.174306 0.984657 0.702664 0.000000 0.000000 0.000000 1.000000
0.999627 0.024346 0.012365 0.384219 -0.026126 0.984424 0.173856 45.452286 -0.007940 -0.174114 0.984693 0.705198 0.000000 0.000000 0.000000 1.000000
0.999636 0.024177 0.012003 0.369181 -0.025900 0.984358 0.174267 45.452324 -0.007602 -0.174514 0.984625 0.713702 0.000000 0.000000 0.000000 1.000000
0.999637 0.024175 0.011919 0.362120 -0.025887 0.984282 0.174695 45.454132 -0.007509 -0.174940 0.984550 0.710788 0.000000 0.000000 0.000000 1.000000
0.999636 0.024261 0.011824 0.358527 -0.025961 0.984138 0.175497 45.456024 -0.007379 -0.175740 0.984409 0.702834 0.000000 0.000000 0.000000 1.000000
0.999635 0.024442 0.011471 0.357056 -0.026088 0.983849 0.177089 45.455238 -0.006957 -0.177323 0.984128 0.696523 0.000000 0.000000 0.000000 1.000000
0.999633 0.024585 0.011409 0.363443 -0.026223 0.983732 0.177717 45.451412 -0.006855 -0.177951 0.984016 0.694411 0.000000 0.000000 0.000000 1.000000
0.999631 0.024630 0.011471 0.372713 -0.026282 0.983637 0.178233 45.446075 -0.006893 -0.178469 0.983921 0.689493 0.000000 0.000000 0.000000 1.000000
0.999627 0.024721 0.011569 0.378961 -0.026393 0.983508 0.178929 45.445335 -0.006955 -0.179167 0.983794 0.688421 0.000000 0.000000 0.000000 1.000000
0.999621 0.024939 0.011640 0.384899 -0.026625 0.983398 0.179497 45.444309 -0.006971 -0.179739 0.983690 0.688486 0.000000 0.000000 0.000000 1.000000
0.999613 0.025163 0.011899 0.386502 -0.026898 0.983228 0.180388 45.441048 -0.007160 -0.180638 0.983524 0.686805 0.000000 0.000000 0.000000 1.000000
0.999604 0.025469 0.011937 0.386209 -0.027207 0.983162 0.180699 45.444187 -0.007134 -0.180952 0.983466 0.684999 0.000000 0.000000 0.000000 1.000000
0.999599 0.025701 0.011899 0.387047 -0.027432 0.983104 0.180981 45.447578 -0.007046 -0.181235 0.983415 0.681856 0.000000 0.000000 0.000000 1.000000
0.999593 0.025855 0.012024 0.390419 -0.027606 0.983086 0.181053 45.447617 -0.007139 -0.181311 0.983400 0.680654 0.000000 0.000000 0.000000 1.000000
0.999586 0.026036 0.012210 0.395110 -0.027815 0.983143 0.180708 45.443985 -0.007299 -0.180972 0.983461 0.682434 0.000000 0.000000 0.000000 1.000000
0.999583 0.026195 0.012110 0.400395 -0.027952 0.983179 0.180491 45.436653 -0.007178 -0.180754 0.983502 0.685811 0.000000 0.000000 0.000000 1.000000
0.999586 0.026306 0.011637 0.400900 -0.027983 0.982978 0.181581 45.434387 -0.006662 -0.181832 0.983307 0.683917 0.000000 0.000000 0.000000 1.000000
0.999589 0.026381 0.011218 0.398580 -0.027985 0.982843 0.182310 45.434883 -0.006216 -0.182549 0.983177 0.682506 0.000000 0.000000 0.000000 1.000000
0.999591 0.026400 0.010970 0.393952 -0.027958 0.982852 0.182265 45.437416 -0.005970 -0.182497 0.983188 0.682548 0.000000 0.000000 0.000000 1.000000
0.999593 0.026425 0.010711 0.388995 -0.027936 0.982847 0.182296 45.439075 -0.005710 -0.182522 0.983185 0.686295 0.000000 0.000000 0.000000 1.000000
0.999598 0.026477 0.010148 0.381253 -0.027888 0.982723 0.182970 45.437988 -0.005128 -0.183179 0.983066 0.692288 0.000000 0.000000 0.000000 1.000000
0.999605 0.026560 0.009237 0.371397 -0.027810 0.982410 0.184656 45.437119 -0.004170 -0.184840 0.982760 0.687242 0.000000 0.000000 0.000000 1.000000
0.999608 0.026641 0.008567 0.362763 -0.027771 0.982102 0.186293 45.435047 -0.003450 -0.186458 0.982457 0.681974 0.000000 0.000000 0.000000 1.000000
0.999603 0.026931 0.008328 0.357143 -0.028014 0.981960 0.187004 45.430069 -0.003141 -0.187163 0.982324 0.676657 0.000000 0.000000 0.000000 1.000000
0.999590 0.027344 0.008513 0.360585 -0.028456 0.981836 0.187586 45.422443 -0.003229 -0.187752 0.982211 0.661570 0.000000 0.000000 0.000000 1.000000
0.999573 0.027772 0.009055 0.375339 -0.028982 0.981628 0.188592 45.415340 -0.003651 -0.188774 0.982014 0.663235 0.000000 0.000000 0.000000 1.000000
0.999562 0.028046 0.009410 0.394332 -0.029318 0.981627 0.188546 45.415100 -0.003950 -0.188739 0.982019 0.652267 0.000000 0.000000 0.000000 1.000000
0.999559 0.028347 0.008851 0.405046 -0.029512 0.981360 0.189899 45.418076 -0.003303 -0.190076 0.981764 0.648153 0.000000 0.000000 0.000000 1.000000
0.999557 0.028492 0.008584 0.409495 -0.029608 0.981118 0.191130 45.421577 -0.002976 -0.191300 0.981527 0.651321 0.000000 0.000000 0.000000 1.000000
0.999554 0.028340 0.009377 0.422312 -0.029601 0.981583 0.188727 45.425304 -0.003855 -0.188921 0.981985 0.660504 0.000000 0.000000 0.000000 1.000000
0.999563 0.028001 0.009506 0.423479 -0.029293 0.981583 0.188779 45.417046 -0.004045 -0.188974 0.981974 0.664675 0.000000 0.000000 0.000000 1.000000
0.999565 0.027882 0.009571 0.424333 -0.029190 0.981527 0.189084 45.412476 -0.004123 -0.189281 0.981914 0.668231 0.000000 0.000000 0.000000 1.000000
0.999565 0.027903 0.009550 0.424418 -0.029210 0.981357 0.189963 45.408630 -0.004072 -0.190159 0.981745 0.671231 0.000000 0.000000 0.000000 1.000000
0.999563 0.027965 0.009540 0.420940 -0.029273 0.981140 0.191069 45.405907 -0.004017 -0.191265 0.981530 0.672765 0.000000 0.000000 0.000000 1.000000
0.999558 0.028150 0.009529 0.411543 -0.029458 0.980878 0.192379 45.401756 -0.003931 -0.192575 0.981274 0.665690 0.000000 0.000000 0.000000 1.000000
0.999546 0.028608 0.009490 0.400870 -0.029904 0.980612 0.193665 45.398605 -0.003766 -0.193861 0.981022 0.656691 0.000000 0.000000 0.000000 1.000000
0.999536 0.029020 0.009282 0.397481 -0.030274 0.980310 0.195132 45.394768 -0.003437 -0.195322 0.980733 0.655465 0.000000 0.000000 0.000000 1.000000
0.999529 0.029501 0.008508 0.401128 -0.030599 0.979993 0.196664 45.388275 -0.002536 -0.196832 0.980434 0.645574 0.000000 0.000000 0.000000 1.000000
0.999519 0.030156 0.007203 0.414566 -0.030985 0.979717 0.197974 45.383255 -0.001087 -0.198102 0.980181 0.635391 0.000000 0.000000 0.000000 1.000000
0.999516 0.030561 0.005741 0.430286 -0.031092 0.979414 0.199454 45.375057 0.000473 -0.199536 0.979890 0.614472 0.000000 0.000000 0.000000 1.000000
0.999515 0.030823 0.004537 0.438154 -0.031106 0.979121 0.200884 45.367268 0.001750 -0.200928 0.979605 0.601525 0.000000 0.000000 0.000000 1.000000
0.999514 0.030960 0.003715 0.437807 -0.031072 0.978910 0.201914 45.365318 0.002615 -0.201932 0.979396 0.590810 0.000000 0.000000 0.000000 1.000000
0.999517 0.030882 0.003346 0.427420 -0.030918 0.978676 0.203071 45.360714 0.002997 -0.203077 0.979158 0.585913 0.000000 0.000000 0.000000 1.000000
0.999525 0.030662 0.003135 0.413196 -0.030655 0.978389 0.204488 45.351467 0.003203 -0.204487 0.978864 0.580571 0.000000 0.000000 0.000000 1.000000
0.999535 0.030358 0.002894 0.396823 -0.030304 0.978157 0.205644 45.343067 0.003412 -0.205636 0.978623 0.579591 0.000000 0.000000 0.000000 1.000000
0.999563 0.029449 0.002511 0.381865 -0.029333 0.978043 0.206327 45.333683 0.003620 -0.206311 0.978480 0.587217 0.000000 0.000000 0.000000 1.000000
0.999597 0.028272 0.002527 0.362319 -0.028184 0.978032 0.206540 45.332504 0.003368 -0.206528 0.978435 0.595615 0.000000 0.000000 0.000000 1.000000
0.999627 0.027220 0.002279 0.340852 -0.027102 0.977933 0.207152 45.336166 0.003410 -0.207136 0.978306 0.598678 0.000000 0.000000 0.000000 1.000000
0.999652 0.026309 0.001723 0.320458 -0.026093 0.977825 0.207794 45.338360 0.003782 -0.207766 0.978171 0.600462 0.000000 0.000000 0.000000 1.000000
0.999676 0.025395 0.001418 0.305752 -0.025133 0.977721 0.208399 45.341774 0.003905 -0.208368 0.978043 0.605452 0.000000 0.000000 0.000000 1.000000
0.999695 0.024656 0.001590 0.298360 -0.024449 0.977901 0.207633 45.349037 0.003564 -0.207608 0.978206 0.615262 0.000000 0.000000 0.000000 1.000000
0.999708 0.024106 0.001658 0.294709 -0.023928 0.978121 0.206654 45.349796 0.003359 -0.206633 0.978413 0.624125 0.000000 0.000000 0.000000 1.000000
0.999718 0.023670 0.001644 0.297402 -0.023499 0.978150 0.206568 45.342403 0.003281 -0.206549 0.978431 0.627341 0.000000 0.000000 0.000000 1.000000
0.999724 0.023437 0.001601 0.303676 -0.023263 0.978211 0.206306 45.335503 0.003269 -0.206286 0.978486 0.616498 0.000000 0.000000 0.000000 1.000000
0.999726 0.023371 0.001568 0.317941 -0.023190 0.978102 0.206829 45.324905 0.003300 -0.206809 0.978376 0.599294 0.000000 0.000000 0.000000 1.000000
0.999727 0.023313 0.001740 0.339834 -0.023171 0.978281 0.205984 45.316040 0.003100 -0.205968 0.978554 0.581573 0.000000 0.000000 0.000000 1.000000
0.999727 0.023296 0.001862 0.358765 -0.023185 0.978607 0.204429 45.312401 0.002940 -0.204416 0.978880 0.573740 0.000000 0.000000 0.000000 1.000000
0.999726 0.023336 0.001705 0.368259 -0.023193 0.978683 0.204062 45.310814 0.003094 -0.204046 0.978956 0.572869 0.000000 0.000000 0.000000 1.000000
0.999724 0.023492 0.001006 0.357333 -0.023194 0.978239 0.206182 45.313492 0.003860 -0.206149 0.978513 0.578323 0.000000 0.000000 0.000000 1.000000
0.999722 0.023567 0.000636 0.341857 -0.023190 0.978138 0.206658 45.317524 0.004248 -0.206615 0.978413 0.584250 0.000000 0.000000 0.000000 1.000000
0.999724 0.023501 0.000697 0.331859 -0.023138 0.978182 0.206456 45.320015 0.004170 -0.206415 0.978456 0.601514 0.000000 0.000000 0.000000 1.000000
0.999729 0.023244 0.000813 0.328682 -0.022913 0.978298 0.205933 45.320885 0.003991 -0.205896 0.978566 0.618996 0.000000 0.000000 0.000000 1.000000
0.999732 0.023148 0.001028 0.320861 -0.022869 0.978588 0.204553 45.323704 0.003729 -0.204522 0.978855 0.623648 0.000000 0.000000 0.000000 1.000000
0.999726 0.023364 0.001443 0.318785 -0.023169 0.978785 0.203574 45.323795 0.003344 -0.203551 0.979059 0.630072 0.000000 0.000000 0.000000 1.000000
0.999709 0.024073 0.001689 0.324474 -0.023912 0.978747 0.203675 45.322266 0.003250 -0.203656 0.979037 0.636277 0.000000 0.000000 0.000000 1.000000
0.999689 0.024872 0.001936 0.341993 -0.024744 0.978737 0.203623 45.329285 0.003170 -0.203607 0.979047 0.644340 0.000000 0.000000 0.000000 1.000000
0.999675 0.025346 0.002616 0.360576 -0.025349 0.978797 0.203260 45.338764 0.002592 -0.203260 0.979121 0.659877 0.000000 0.000000 0.000000 1.000000
0.999650 0.026247 0.003460 0.370424 -0.026402 0.978743 0.203385 45.338120 0.001952 -0.203405 0.979093 0.670450 0.000000 0.000000 0.000000 1.000000
0.999624 0.027162 0.003686 0.387951 -0.027345 0.978887 0.202565 45.339684 0.001894 -0.202590 0.979262 0.663775 0.000000 0.000000 0.000000 1.000000
0.999603 0.027868 0.004039 0.410821 -0.028108 0.978747 0.203136 45.332191 0.001708 -0.203169 0.979142 0.660371 0.000000 0.000000 0.000000 1.000000
0.999595 0.028119 0.004394 0.426974 -0.028425 0.978728 0.203182 45.332596 0.001413 -0.203224 0.979131 0.651012 0.000000 0.000000 0.000000 1.000000
0.999600 0.027843 0.004929 0.427347 -0.028264 0.978831 0.202708 45.336655 0.000819 -0.202767 0.979227 0.646087 0.000000 0.000000 0.000000 1.000000
0.999596 0.027923 0.005399 0.410037 -0.028437 0.978509 0.204235 45.322235 0.000420 -0.204306 0.978907 0.627031 0.000000 0.000000 0.000000 1.000000
0.999586 0.028277 0.005279 0.403899 -0.028759 0.978321 0.205090 45.301804 0.000635 -0.205157 0.978729 0.613826 0.000000 0.000000 0.000000 1.000000
0.999584 0.028475 0.004659 0.406403 -0.028824 0.978089 0.206181 45.293911 0.001314 -0.206229 0.978503 0.614499 0.000000 0.000000 0.000000 1.000000
0.999597 0.028008 0.004519 0.405084 -0.028334 0.977548 0.208797 45.293789 0.001431 -0.208841 0.977949 0.613227 0.000000 0.000000 0.000000 1.000000
0.999611 0.027433 0.005006 0.398437 -0.027872 0.977348 0.209793 45.297829 0.000863 -0.209851 0.977733 0.600255 0.000000 0.000000 0.000000 1.000000
0.999624 0.027017 0.004724 0.384112 -0.027407 0.977444 0.209411 45.291634 0.001041 -0.209461 0.977816 0.592646 0.000000 0.000000 0.000000 1.000000
