<?xml version="1.0" encoding="utf-8"?>
<COLLADA xmlns="http://www.collada.org/2005/11/COLLADASchema" version="1.4.1">
  <asset><contributor><author>Mixamo</author><authoring_tool>COLLADA Mixamo exporter</authoring_tool><comments></comments></contributor><created>2018-11-11T14:35:48Z</created><modified>2018-11-11T14:35:48Z</modified><revision></revision><title></title><unit meter="0.010000"/><up_axis>Y_UP</up_axis></asset>
  <library_animations>
    <animation id="Hips-anim" name="Hips"><source id="Hips-Matrix-animation-input"><float_array id="Hips-Matrix-animation-input-array" count="43">

0.000000 0.033333 0.066667 0.100000 0.133333 0.166667 0.200000 0.233333 0.266667 0.300000 0.333333 0.366667 0.400000 0.433333 0.466667 0.500000
0.533333 0.566667 0.600000 0.633333 0.666667 0.700000 0.733333 0.766667 0.800000 0.833333 0.866667 0.900000 0.933333 0.966667 1.000000 1.033333
1.066667 1.100000 1.133333 1.166667 1.200000 1.233333 1.266667 1.300000 1.333333 1.366667 1.400000</float_array><technique_common><accessor source="#Hips-Matrix-animation-input-array" count="43"><param name="TIME" type="float"/></accessor></technique_common></source><source id="Hips-Matrix-animation-output-transform"><float_array id="Hips-Matrix-animation-output-transform-array" count="688">

0.989913 -0.092489 0.107318 2.011091 0.105034 0.987464 -0.117829 79.858879 -0.095075 0.127912 0.987218 0.247905 0.000000 0.000000 0.000000 1.000000
0.989714 -0.103022 0.099263 1.725418 0.112647 0.988908 -0.096806 80.148666 -0.088189 0.106992 0.990341 2.957796 0.000000 0.000000 0.000000 1.000000
0.990230 -0.107042 0.089370 1.506987 0.114781 0.989619 -0.086482 80.113869 -0.079185 0.095895 0.992237 5.638520 0.000000 0.000000 0.000000 1.000000
0.991547 -0.106179 0.074570 1.359620 0.112572 0.989782 -0.087518 79.826134 -0.064515 0.095173 0.993368 8.312840 0.000000 0.000000 0.000000 1.000000
0.993222 -0.102851 0.054137 1.269686 0.107648 0.989662 -0.094766 79.367294 -0.043831 0.099951 0.994026 11.011992 0.000000 0.000000 0.000000 1.000000
0.994609 -0.099090 0.030546 1.210842 0.101731 0.989517 -0.102506 78.750450 -0.020068 0.105061 0.994263 13.787693 0.000000 0.000000 0.000000 1.000000
0.995577 -0.093748 0.006163 1.185438 0.093863 0.989666 -0.108398 77.926765 0.004062 0.108497 0.994089 16.734339 0.000000 0.000000 0.000000 1.000000
0.996061 -0.086532 -0.019341 1.217807 0.083804 0.990008 -0.113411 76.862511 0.028961 0.111343 0.993360 19.921577 0.000000 0.000000 0.000000 1.000000
0.995681 -0.078582 -0.049443 1.351291 0.072137 0.990048 -0.120838 75.590324 0.058447 0.116750 0.991440 23.369778 0.000000 0.000000 0.000000 1.000000
0.993417 -0.073835 -0.087590 1.554611 0.061521 0.988826 -0.135785 74.293159 0.096637 0.129502 0.986859 27.015306 0.000000 0.000000 0.000000 1.000000
0.988433 -0.075646 -0.131446 1.778260 0.053902 0.985360 -0.161743 73.130005 0.141757 0.152787 0.978039 30.881008 0.000000 0.000000 0.000000 1.000000
0.981586 -0.083065 -0.172012 2.028497 0.048843 0.979710 -0.194379 71.925491 0.184668 0.182398 0.965727 35.119205 0.000000 0.000000 0.000000 1.000000
0.975921 -0.092004 -0.197773 2.295224 0.047174 0.974258 -0.220443 70.723892 0.212963 0.205805 0.955139 39.602215 0.000000 0.000000 0.000000 1.000000
0.974064 -0.101906 -0.202027 2.558806 0.054479 0.972199 -0.227731 69.955612 0.219617 0.210818 0.952535 43.886616 0.000000 0.000000 0.000000 1.000000
0.975339 -0.106202 -0.193479 2.870756 0.063006 0.974117 -0.217086 69.703094 0.211526 0.199542 0.956786 48.027252 0.000000 0.000000 0.000000 1.000000
0.977312 -0.106366 -0.183158 3.180044 0.068639 0.977141 -0.201207 70.026520 0.200373 0.184070 0.962273 51.824345 0.000000 0.000000 0.000000 1.000000
0.979397 -0.101699 -0.174466 3.434326 0.067559 0.979163 -0.191511 70.937744 0.190307 0.175778 0.965860 55.293648 0.000000 0.000000 0.000000 1.000000
0.982457 -0.089980 -0.163344 3.765590 0.058595 0.980481 -0.187681 72.333817 0.177043 0.174818 0.968553 58.574772 0.000000 0.000000 0.000000 1.000000
0.986567 -0.069459 -0.147853 4.179440 0.041946 0.982467 -0.181656 74.006844 0.157878 0.173014 0.972183 61.816677 0.000000 0.000000 0.000000 1.000000
0.990344 -0.040939 -0.132449 4.648531 0.018166 0.985487 -0.168773 75.714951 0.137436 0.164738 0.976715 65.119408 0.000000 0.000000 0.000000 1.000000
0.992516 -0.008609 -0.121810 5.137262 -0.010167 0.988222 -0.152689 77.252075 0.121690 0.152785 0.980739 68.507996 0.000000 0.000000 0.000000 1.000000
0.993287 0.020919 -0.113771 5.605583 -0.037020 0.989274 -0.141305 78.493904 0.109595 0.144568 0.983407 71.944359 0.000000 0.000000 0.000000 1.000000
0.993925 0.041890 -0.101777 6.015732 -0.055296 0.989613 -0.132696 79.403961 0.095161 0.137518 0.985917 75.349251 0.000000 0.000000 0.000000 1.000000
0.995202 0.052091 -0.082820 6.337340 -0.062409 0.989896 -0.127323 79.964447 0.075351 0.131881 0.988398 78.723633 0.000000 0.000000 0.000000 1.000000
0.996556 0.057095 -0.060141 6.584025 -0.064199 0.990238 -0.123720 80.160133 0.052490 0.127155 0.990493 82.156319 0.000000 0.000000 0.000000 1.000000
0.997591 0.059280 -0.036029 6.773873 -0.063232 0.990655 -0.120845 79.991478 0.028528 0.122832 0.992017 85.698799 0.000000 0.000000 0.000000 1.000000
0.998177 0.059158 -0.011977 6.923532 -0.060163 0.991125 -0.118543 79.378563 0.004858 0.119048 0.992877 89.282227 0.000000 0.000000 0.000000 1.000000
0.998286 0.057598 0.010367 7.054702 -0.056000 0.991591 -0.116667 78.193817 -0.017000 0.115886 0.993117 92.748055 0.000000 0.000000 0.000000 1.000000
0.998110 0.053718 0.029855 7.161894 -0.049945 0.992074 -0.115305 76.406677 -0.035813 0.113596 0.992881 95.982384 0.000000 0.000000 0.000000 1.000000
0.998014 0.046466 0.042541 7.080707 -0.041191 0.992227 -0.117426 74.488434 -0.047667 0.115440 0.992170 99.107758 0.000000 0.000000 0.000000 1.000000
0.997889 0.036917 0.053426 6.878217 -0.030213 0.992160 -0.121264 72.544151 -0.057484 0.119394 0.991181 102.243134 0.000000 0.000000 0.000000 1.000000
0.997611 0.026544 0.063777 6.550204 -0.018254 0.991708 -0.127209 70.707863 -0.066625 0.125741 0.989823 105.484474 0.000000 0.000000 0.000000 1.000000
0.997248 0.021498 0.070953 6.077792 -0.011522 0.990349 -0.138118 69.746391 -0.073237 0.136921 0.987871 108.635254 0.000000 0.000000 0.000000 1.000000
0.996756 0.017575 0.078542 5.517852 -0.005457 0.988379 -0.151909 69.564400 -0.080299 0.150988 0.985269 111.692932 0.000000 0.000000 0.000000 1.000000
0.996120 0.014113 0.086861 5.023699 0.000293 0.986520 -0.163638 69.965149 -0.088000 0.163029 0.982689 114.586937 0.000000 0.000000 0.000000 1.000000
0.995461 0.009311 0.094715 4.598896 0.007059 0.985238 -0.171046 70.897690 -0.094910 0.170938 0.980700 117.399010 0.000000 0.000000 0.000000 1.000000
0.994644 0.000108 0.103364 4.201408 0.018053 0.984447 -0.174752 72.246460 -0.101775 0.175682 0.979172 120.231369 0.000000 0.000000 0.000000 1.000000
0.993704 -0.012411 0.111351 3.815367 0.032028 0.983840 -0.176161 73.838959 -0.107365 0.178619 0.978043 123.088951 0.000000 0.000000 0.000000 1.000000
0.992822 -0.027967 0.116288 3.430018 0.048246 0.983310 -0.175424 75.470726 -0.109441 0.179775 0.977601 125.945908 0.000000 0.000000 0.000000 1.000000
0.991844 -0.043556 0.119786 3.057448 0.063838 0.983185 -0.171090 76.977127 -0.110320 0.177341 0.977947 128.790939 0.000000 0.000000 0.000000 1.000000
0.991021 -0.059471 0.119752 2.699154 0.078718 0.983476 -0.163031 78.247276 -0.108077 0.170994 0.979326 131.628174 0.000000 0.000000 0.000000 1.000000
0.990426 -0.076648 0.114811 2.345757 0.092789 0.985425 -0.142579 79.224350 -0.102209 0.151867 0.983102 134.419632 0.000000 0.000000 0.000000 1.000000
0.989926 -0.092422 0.107258 2.011610 0.104961 0.987470 -0.117841 79.862534 -0.095023 0.127911 0.987223 137.180893 0.000000 0.000000 0.000000 1.000000</float_array><technique_common><accessor source="#Hips-Matrix-animation-output-transform-array" count="43" stride="16"><param type="float4x4"/></accessor></technique_common></source><source id="Hips-Interpolations"><Name_array id="Hips-Interpolations-array" count="43">
 LINEAR LINEAR LINEAR LINEAR LINEAR LINEAR LINEAR LINEAR LINEAR LINEAR LINEAR
LINEAR LINEAR LINEAR LINEAR LINEAR LINEAR LINEAR LINEAR LINEAR LINEAR LINEAR LINEAR
LINEAR LINEAR LINEAR LINEAR LINEAR LINEAR LINEAR LINEAR LINEAR LINEAR LINEAR LINEAR
LINEAR LINEAR LINEAR LINEAR LINEAR LINEAR LINEAR LINEAR</Name_array><technique_common><accessor source="#Hips-Interpolations-array" count="43"><param type="name"/></accessor></technique_common></source><sampler id="Hips-Matrix-animation-transform"><input semantic="INPUT" source="#Hips-Matrix-animation-input"/><input semantic="OUTPUT" source="#Hips-Matrix-animation-output-transform"/><input semantic="INTERPOLATION" source="#Hips-Interpolations"/></sampler><channel source="#Hips-Matrix-animation-transform" target="Hips/matrix"/></animation>
    <animation id="Pelvis-anim" name="Pelvis"><source id="Pelvis-Matrix-animation-input"><float_array id="Pelvis-Matrix-animation-input-array" count="43">

0.000000 0.033333 0.066667 0.100000 0.133333 0.166667 0.200000 0.233333 0.266667 0.300000 0.333333 0.366667 0.400000 0.433333 0.466667 0.500000
0.533333 0.566667 0.600000 0.633333 0.666667 0.700000 0.733333 0.766667 0.800000 0.833333 0.866667 0.900000 0.933333 0.966667 1.000000 1.033333
1.066667 1.100000 1.133333 1.166667 1.200000 1.233333 1.266667 1.300000 1.333333 1.366667 1.400000</float_array><technique_common><accessor source="#Pelvis-Matrix-animation-input-array" count="43"><param name="TIME" type="float"/></accessor></technique_common></source><source id="Pelvis-Matrix-animation-output-transform"><float_array id="Pelvis-Matrix-animation-output-transform-array" count="688">

1.000000 -0.000000 -0.000000 0.000000 0.000000 1.000000 0.000000 0.000000 0.000000 0.000000 1.000000 0.000000 0.000000 0.000000 0.000000 1.000000
1.000000 0.000000 0.000000 0.000000 0.000000 1.000000 0.000000 0.000000 0.000000 -0.000000 1.000000 0.000000 0.000000 0.000000 0.000000 1.000000
1.000000 -0.000000 0.000000 0.000000 -0.000000 1.000000 -0.000000 0.000000 0.000000 -0.000000 1.000000 0.000000 0.000000 0.000000 0.000000 1.000000
1.000000 0.000000 -0.000000 0.000000 -0.000000 1.000000 0.000000 0.000000 0.000000 0.000000 1.000000 0.000000 0.000000 0.000000 0.000000 1.000000
1.000000 -0.000000 -0.000000 0.000000 -0.000000 1.000000 0.000000 0.000000 0.000000 -0.000000 1.000000 0.000000 0.000000 0.000000 0.000000 1.000000
1.000000 -0.000000 0.000000 0.000000 0.000000 1.000000 -0.000000 0.000000 0.000000 0.000000 1.000000 0.000000 0.000000 0.000000 0.000000 1.000000
1.000000 -0.000000 0.000000 0.000000 -0.000000 1.000000 0.000000 0.000000 0.000000 -0.000000 1.000000 0.000000 0.000000 0.000000 0.000000 1.000000
1.000000 -0.000000 0.000000 0.000000 -0.000000 1.000000 -0.000000 0.000000 0.000000 -0.000000 1.000000 0.000000 0.000000 0.000000 0.000000 1.000000
1.000000 -0.000000 0.000000 0.000000 -0.000000 1.000000 0.000000 0.000000 0.000000 -0.000000 1.000000 0.000000 0.000000 0.000000 0.000000 1.000000
1.000000 -0.000000 0.000000 0.000000 0.000000 1.000000 0.000000 0.000000 0.000000 -0.000000 1.000000 0.000000 0.000000 0.000000 0.000000 1.000000
1.000000 -0.000000 0.000000 0.000000 0.000000 1.000000 0.000000 0.000000 0.000000 0.000000 1.000000 0.000000 0.000000 0.000000 0.000000 1.000000
1.000000 0.000000 0.000000 0.000000 0.000000 1.000000 0.000000 0.000000 -0.000000 0.000000 1.000000 0.000000 0.000000 0.000000 0.000000 1.000000
1.000000 0.000000 0.000000 0.000000 -0.000000 1.000000 0.000000 0.000000 -0.000000 -0.000000 1.000000 0.000000 0.000000 0.000000 0.000000 1.000000
1.000000 0.000000 0.000000 0.000000 0.000000 1.000000 -0.000000 0.000000 0.000000 0.000000 1.000000 0.000000 0.000000 0.000000 0.000000 1.000000
1.000000 -0.000000 -0.000000 0.000000 -0.000000 1.000000 0.000000 0.000000 0.000000 0.000000 1.000000 0.000000 0.000000 0.000000 0.000000 1.000000
1.000000 -0.000000 0.000000 0.000000 -0.000000 1.000000 0.000000 0.000000 -0.000000 0.000000 1.000000 0.000000 0.000000 0.000000 0.000000 1.000000
1.000000 -0.000000 -0.000000 0.000000 -0.000000 1.000000 0.000000 0.000000 0.000000 0.000000 1.000000 0.000000 0.000000 0.000000 0.000000 1.000000
1.000000 0.000000 0.000000 0.000000 -0.000000 1.000000 0.000000 0.000000 -0.000000 -0.000000 1.000000 0.000000 0.000000 0.000000 0.000000 1.000000
1.000000 0.000000 0.000000 0.000000 0.000000 1.000000 0.000000 0.000000 -0.000000 -0.000000 1.000000 0.000000 0.000000 0.000000 0.000000 1.000000
1.000000 -0.000000 -0.000000 0.000000 -0.000000 1.000000 0.000000 0.000000 0.000000 0.000000 1.000000 0.000000 0.000000 0.000000 0.000000 1.000000
1.000000 0.000000 0.000000 0.000000 0.000000 1.000000 0.000000 0.000000 0.000000 -0.000000 1.000000 0.000000 0.000000 0.000000 0.000000 1.000000
1.000000 0.000000 0.000000 0.000000 0.000000 1.000000 0.000000 0.000000 -0.000000 0.000000 1.000000 0.000000 0.000000 0.000000 0.000000 1.000000
1.000000 0.000000 0.000000 0.000000 -0.000000 1.000000 -0.000000 0.000000 0.000000 -0.000000 1.000000 0.000000 0.000000 0.000000 0.000000 1.000000
1.000000 -0.000000 0.000000 0.000000 0.000000 1.000000 0.000000 0.000000 0.000000 0.000000 1.000000 0.000000 0.000000 0.000000 0.000000 1.000000
1.000000 -0.000000 0.000000 0.000000 -0.000000 1.000000 -0.000000 0.000000 -0.000000 0.000000 1.000000 0.000000 0.000000 0.000000 0.000000 1.000000
1.000000 0.000000 -0.000000 0.000000 -0.000000 1.000000 -0.000000 0.000000 -0.000000 -0.000000 1.000000 0.000000 0.000000 0.000000 0.000000 1.000000
1.000000 0.000000 -0.000000 0.000000 0.000000 1.000000 0.000000 0.000000 0.000000 0.000000 1.000000 0.000000 0.000000 0.000000 0.000000 1.000000
1.000000 -0.000000 0.000000 0.000000 0.000000 1.000000 0.000000 0.000000 -0.000000 0.000000 1.000000 0.000000 0.000000 0.000000 0.000000 1.000000
1.000000 -0.000000 0.000000 0.000000 -0.000000 1.000000 -0.000000 0.000000 0.000000 0.000000 1.000000 0.000000 0.000000 0.000000 0.000000 1.000000
1.000000 -0.000000 -0.000000 0.000000 0.000000 1.000000 -0.000000 0.000000 -0.000000 0.000000 1.000000 0.000000 0.000000 0.000000 0.000000 1.000000
1.000000 -0.000000 0.000000 0.000000 -0.000000 1.000000 0.000000 0.000000 0.000000 0.000000 1.000000 0.000000 0.000000 0.000000 0.000000 1.000000
1.000000 -0.000000 -0.000000 0.000000 0.000000 1.000000 -0.000000 0.000000 0.000000 -0.000000 1.000000 0.000000 0.000000 0.000000 0.000000 1.000000
1.000000 -0.000000 -0.000000 0.000000 0.000000 1.000000 0.000000 0.000000 -0.000000 0.000000 1.000000 0.000000 0.000000 0.000000 0.000000 1.000000
1.000000 -0.000000 0.000000 0.000000 0.000000 1.000000 0.000000 0.000000 0.000000 0.000000 1.000000 0.000000 0.000000 0.000000 0.000000 1.000000
1.000000 0.000000 0.000000 0.000000 -0.000000 1.000000 0.000000 0.000000 0.000000 0.000000 1.000000 0.000000 0.000000 0.000000 0.000000 1.000000
1.000000 -0.000000 0.000000 0.000000 -0.000000 1.000000 0.000000 0.000000 -0.000000 0.000000 1.000000 0.000000 0.000000 0.000000 0.000000 1.000000
1.000000 0.000000 0.000000 0.000000 -0.000000 1.000000 0.000000 0.000000 -0.000000 0.000000 1.000000 0.000000 0.000000 0.000000 0.000000 1.000000
1.000000 0.000000 -0.000000 0.000000 0.000000 1.000000 0.000000 0.000000 0.000000 0.000000 1.000000 0.000000 0.000000 0.000000 0.000000 1.000000
1.000000 -0.000000 0.000000 0.000000 0.000000 1.000000 0.000000 0.000000 -0.000000 -0.000000 1.000000 0.000000 0.000000 0.000000 0.000000 1.000000
1.000000 0.000000 0.000000 0.000000 -0.000000 1.000000 0.000000 0.000000 -0.000000 0.000000 1.000000 0.000000 0.000000 0.000000 0.000000 1.000000
1.000000 0.000000 -0.000000 0.000000 0.000000 1.000000 -0.000000 0.000000 0.000000 0.000000 1.000000 0.000000 0.000000 0.000000 0.000000 1.000000
1.000000 -0.000000 0.000000 0.000000 0.000000 1.000000 0.000000 0.000000 0.000000 -0.000000 1.000000 0.000000 0.000000 0.000000 0.000000 1.000000
1.000000 -0.000000 0.000000 0.000000 -0.000000 1.000000 0.000000 0.000000 0.000000 0.000000 1.000000 0.000000 0.000000 0.000000 0.000000 1.000000</float_array><technique_common><accessor source="#Pelvis-Matrix-animation-output-transform-array" count="43" stride="16"><param type="float4x4"/></accessor></technique_common></source><source id="Pelvis-Interpolations"><Name_array id="Pelvis-Interpolations-array" count="43">
 LINEAR LINEAR LINEAR LINEAR LINEAR LINEAR LINEAR LINEAR LINEAR LINEAR LINEAR
LINEAR LINEAR LINEAR LINEAR LINEAR LINEAR LINEAR LINEAR LINEAR LINEAR LINEAR LINEAR
LINEAR LINEAR LINEAR LINEAR LINEAR LINEAR LINEAR LINEAR LINEAR LINEAR LINEAR LINEAR
LINEAR LINEAR LINEAR LINEAR LINEAR LINEAR LINEAR LINEAR</Name_array><technique_common><accessor source="#Pelvis-Interpolations-array" count="43"><param type="name"/></accessor></technique_common></source><sampler id="Pelvis-Matrix-animation-transform"><input semantic="INPUT" source="#Pelvis-Matrix-animation-input"/><input semantic="OUTPUT" source="#Pelvis-Matrix-animation-output-transform"/><input semantic="INTERPOLATION" source="#Pelvis-Interpolations"/></sampler><channel source="#Pelvis-Matrix-animation-transform" target="Pelvis/matrix"/></animation>
    <animation id="LeftUpLeg-anim" name="LeftUpLeg"><source id="LeftUpLeg-Matrix-animation-input"><float_array id="LeftUpLeg-Matrix-animation-input-array" count="43">

0.000000 0.033333 0.066667 0.100000 0.133333 0.166667 0.200000 0.233333 0.266667 0.300000 0.333333 0.366667 0.400000 0.433333 0.466667 0.500000
0.533333 0.566667 0.600000 0.633333 0.666667 0.700000 0.733333 0.766667 0.800000 0.833333 0.866667 0.900000 0.933333 0.966667 1.000000 1.033333
1.066667 1.100000 1.133333 1.166667 1.200000 1.233333 1.266667 1.300000 1.333333 1.366667 1.400000</float_array><technique_common><accessor source="#LeftUpLeg-Matrix-animation-input-array" count="43"><param name="TIME" type="float"/></accessor></technique_common></source><source id="LeftUpLeg-Matrix-animation-output-transform"><float_array id="LeftUpLeg-Matrix-animation-output-transform-array" count="688">

0.993330 0.009220 0.114934 8.479700 -0.076778 0.796561 0.599663 -4.795500 -0.086023 -0.604488 0.791956 -0.379100 0.000000 0.000000 0.000000 1.000000
0.994101 0.020344 0.106534 8.479700 -0.081918 0.784593 0.614575 -4.795500 -0.071083 -0.619677 0.781632 -0.379100 0.000000 0.000000 0.000000 1.000000
0.995394 0.026668 0.092087 8.479700 -0.079429 0.767291 0.636361 -4.795500 -0.053686 -0.640744 0.765875 -0.379100 0.000000 0.000000 0.000000 1.000000
0.996938 0.024761 0.074167 8.479700 -0.067776 0.746651 0.661754 -4.795500 -0.038991 -0.664755 0.746043 -0.379100 0.000000 0.000000 0.000000 1.000000
0.998365 0.012405 0.055795 8.479700 -0.047221 0.729018 0.682864 -4.795500 -0.032204 -0.684382 0.728412 -0.379100 0.000000 0.000000 0.000000 1.000000
0.999162 -0.008554 0.040014 8.479700 -0.021679 0.718708 0.694974 -4.795500 -0.034704 -0.695260 0.717920 -0.379100 0.000000 0.000000 0.000000 1.000000
0.998959 -0.035521 0.028621 8.479700 0.005492 0.716504 0.697562 -4.795500 -0.045285 -0.696678 0.715953 -0.379100 0.000000 0.000000 0.000000 1.000000
0.997760 -0.062853 0.022886 8.479700 0.029830 0.724340 0.688798 -4.795500 -0.059870 -0.686572 0.724592 -0.379100 0.000000 0.000000 0.000000 1.000000
0.996183 -0.084781 0.020798 8.479700 0.047426 0.725650 0.686427 -4.795500 -0.073288 -0.682820 0.726901 -0.379100 0.000000 0.000000 0.000000 1.000000
0.992853 -0.119234 0.005114 8.479700 0.074263 0.650792 0.755615 -4.795500 -0.093423 -0.749835 0.654996 -0.379100 0.000000 0.000000 0.000000 1.000000
0.986886 -0.160938 -0.012442 8.479700 0.104300 0.576951 0.810092 -4.795500 -0.123196 -0.800766 0.586171 -0.379100 0.000000 0.000000 0.000000 1.000000
0.979182 -0.202706 -0.010643 8.479700 0.117916 0.525354 0.842674 -4.795500 -0.165224 -0.826386 0.538319 -0.379100 0.000000 0.000000 0.000000 1.000000
0.969625 -0.244586 0.002012 8.479700 0.119364 0.480347 0.868919 -4.795500 -0.213492 -0.842285 0.494951 -0.379100 0.000000 0.000000 0.000000 1.000000
0.964106 -0.264801 0.019487 8.479700 0.110970 0.468526 0.876453 -4.795500 -0.241216 -0.842831 0.481094 -0.379100 0.000000 0.000000 0.000000 1.000000
0.965708 -0.257313 0.034623 8.479700 0.102698 0.501054 0.859301 -4.795500 -0.238457 -0.826278 0.510297 -0.379100 0.000000 0.000000 0.000000 1.000000
0.971921 -0.231245 0.043538 8.479700 0.095733 0.557614 0.824562 -4.795500 -0.214953 -0.797241 0.564094 -0.379100 0.000000 0.000000 0.000000 1.000000
0.978485 -0.201012 0.046482 8.479700 0.090688 0.621408 0.778221 -4.795500 -0.185315 -0.757263 0.626268 -0.379100 0.000000 0.000000 0.000000 1.000000
0.984205 -0.170938 0.046050 8.479700 0.085407 0.686322 0.722266 -4.795500 -0.155068 -0.706925 0.690081 -0.379100 0.000000 0.000000 0.000000 1.000000
0.988383 -0.145144 0.045090 8.479700 0.080803 0.753087 0.652940 -4.795500 -0.128727 -0.641711 0.756067 -0.379100 0.000000 0.000000 0.000000 1.000000
0.990062 -0.131599 0.049585 8.479700 0.080587 0.819865 0.566857 -4.795500 -0.115250 -0.557228 0.822323 -0.379100 0.000000 0.000000 0.000000 1.000000
0.988814 -0.134144 0.065213 8.479700 0.088450 0.879406 0.467783 -4.795500 -0.120099 -0.456783 0.881434 -0.379100 0.000000 0.000000 0.000000 1.000000
0.985236 -0.145001 0.091025 8.479700 0.102417 0.925229 0.365325 -4.795500 -0.137192 -0.350609 0.926419 -0.379100 0.000000 0.000000 0.000000 1.000000
0.981235 -0.150507 0.120519 8.479700 0.115365 0.959103 0.258481 -4.795500 -0.154493 -0.239727 0.958469 -0.379100 0.000000 0.000000 0.000000 1.000000
0.978915 -0.147728 0.141072 8.479700 0.120569 0.975364 0.184740 -4.795500 -0.164888 -0.163835 0.972610 -0.379100 0.000000 0.000000 0.000000 1.000000
0.977649 -0.147128 0.150183 8.479700 0.125357 0.981400 0.145398 -4.795500 -0.168781 -0.123322 0.977908 -0.379100 0.000000 0.000000 0.000000 1.000000
0.976628 -0.146153 0.157597 8.479700 0.130457 0.985796 0.105773 -4.795500 -0.170817 -0.082741 0.981823 -0.379100 0.000000 0.000000 0.000000 1.000000
0.975196 -0.145531 0.166772 8.479700 0.136562 0.988555 0.064101 -4.795500 -0.174192 -0.039737 0.983910 -0.379100 0.000000 0.000000 0.000000 1.000000
0.973213 -0.144086 0.179155 8.479700 0.143109 0.989535 0.018436 -4.795500 -0.179937 0.007697 0.983648 -0.379100 0.000000 0.000000 0.000000 1.000000
0.970734 -0.140432 0.194818 8.479700 0.148996 0.988384 -0.029948 -4.795500 -0.188350 0.058099 0.980382 -0.379100 0.000000 0.000000 0.000000 1.000000
0.967342 -0.137137 0.213171 8.479700 0.154753 0.985597 -0.068195 -4.795500 -0.200749 0.098957 0.974632 -0.379100 0.000000 0.000000 0.000000 1.000000
0.963519 -0.137081 0.229868 8.479700 0.161154 0.982875 -0.089363 -4.795500 -0.213681 0.123148 0.969110 -0.379100 0.000000 0.000000 0.000000 1.000000
0.958996 -0.140702 0.246028 8.479700 0.170993 0.979518 -0.106333 -4.795500 -0.226028 0.144042 0.963412 -0.379100 0.000000 0.000000 0.000000 1.000000
0.954213 -0.158322 0.253793 8.479700 0.182929 0.980158 -0.076335 -4.795500 -0.236672 0.119266 0.964242 -0.379100 0.000000 0.000000 0.000000 1.000000
0.952848 -0.183401 0.241751 8.479700 0.186464 0.982407 0.010354 -4.795500 -0.239397 0.035212 0.970283 -0.379100 0.000000 0.000000 0.000000 1.000000
0.957531 -0.196563 0.210946 8.479700 0.176538 0.978119 0.110082 -4.795500 -0.227968 -0.068167 0.971279 -0.379100 0.000000 0.000000 0.000000 1.000000
0.966510 -0.195925 0.165745 8.479700 0.158769 0.963930 0.213616 -4.795500 -0.201619 -0.180147 0.962755 -0.379100 0.000000 0.000000 0.000000 1.000000
0.976630 -0.173039 0.127481 8.479700 0.126206 0.941817 0.311533 -4.795500 -0.173971 -0.288164 0.941645 -0.379100 0.000000 0.000000 0.000000 1.000000
0.984936 -0.136082 0.106690 8.479700 0.083017 0.913363 0.398593 -4.795500 -0.151688 -0.383731 0.910901 -0.379100 0.000000 0.000000 0.000000 1.000000
0.990212 -0.094425 0.102784 8.479700 0.035360 0.882108 0.469718 -4.795500 -0.135020 -0.461486 0.876812 -0.379100 0.000000 0.000000 0.000000 1.000000
0.992679 -0.057359 0.106297 8.479700 -0.006965 0.851401 0.524469 -4.795500 -0.120584 -0.521370 0.844768 -0.379100 0.000000 0.000000 0.000000 1.000000
0.993321 -0.027936 0.111952 8.479700 -0.040490 0.824154 0.564917 -4.795500 -0.108047 -0.565676 0.817518 -0.379100 0.000000 0.000000 0.000000 1.000000
0.993218 -0.006401 0.116086 8.479700 -0.063364 0.807357 0.586652 -4.795500 -0.097478 -0.590029 0.801476 -0.379100 0.000000 0.000000 0.000000 1.000000
0.993329 0.009190 0.114949 8.479700 -0.076798 0.796323 0.599977 -4.795500 -0.086023 -0.604802 0.791716 -0.379100 0.000000 0.000000 0.000000 1.000000</float_array><technique_common><accessor source="#LeftUpLeg-Matrix-animation-output-transform-array" count="43" stride="16"><param type="float4x4"/></accessor></technique_common></source><source id="LeftUpLeg-Interpolations"><Name_array id="LeftUpLeg-Interpolations-array" count="43">
 LINEAR LINEAR LINEAR LINEAR LINEAR LINEAR LINEAR LINEAR LINEAR LINEAR LINEAR
LINEAR LINEAR LINEAR LINEAR LINEAR LINEAR LINEAR LINEAR LINEAR LINEAR LINEAR LINEAR
LINEAR LINEAR LINEAR LINEAR LINEAR LINEAR LINEAR LINEAR LINEAR LINEAR LINEAR LINEAR
LINEAR LINEAR LINEAR LINEAR LINEAR LINEAR LINEAR LINEAR</Name_array><technique_common><accessor source="#LeftUpLeg-Interpolations-array" count="43"><param type="name"/></accessor></technique_common></source><sampler id="LeftUpLeg-Matrix-animation-transform"><input semantic="INPUT" source="#LeftUpLeg-Matrix-animation-input"/><input semantic="OUTPUT" source="#LeftUpLeg-Matrix-animation-output-transform"/><input semantic="INTERPOLATION" source="#LeftUpLeg-Interpolations"/></sampler><channel source="#LeftUpLeg-Matrix-animation-transform" target="LeftUpLeg/matrix"/></animation>
    <animation id="LeftLeg-anim" name="LeftLeg"><source id="LeftLeg-Matrix-animation-input"><float_array id="LeftLeg-Matrix-animation-input-array" count="43">

0.000000 0.033333 0.066667 0.100000 0.133333 0.166667 0.200000 0.233333 0.266667 0.300000 0.333333 0.366667 0.400000 0.433333 0.466667 0.500000
0.533333 0.566667 0.600000 0.633333 0.666667 0.700000 0.733333 0.766667 0.800000 0.833333 0.866667 0.900000 0.933333 0.966667 1.000000 1.033333
1.066667 1.100000 1.133333 1.166667 1.200000 1.233333 1.266667 1.300000 1.333333 1.366667 1.400000</float_array><technique_common><accessor source="#LeftLeg-Matrix-animation-input-array" count="43"><param name="TIME" type="float"/></accessor></technique_common></source><source id="LeftLeg-Matrix-animation-output-transform"><float_array id="LeftLeg-Matrix-animation-output-transform-array" count="688">

0.999746 0.011361 0.019484 0.485100 0.011613 0.481259 -0.876501 -32.551498 -0.019335 0.876505 0.481005 0.112900 0.000000 0.000000 0.000000 1.000000
0.998530 0.029280 0.045607 0.485100 0.021278 0.562142 -0.826767 -32.551498 -0.049845 0.826522 0.560693 0.112900 0.000000 0.000000 0.000000 1.000000
0.997245 0.041212 0.061678 0.485100 0.020890 0.641793 -0.766593 -32.551498 -0.071178 0.765770 0.639164 0.112900 0.000000 0.000000 0.000000 1.000000
0.995817 0.047881 0.077817 0.485100 0.019678 0.719307 -0.694413 -32.551498 -0.089224 0.693040 0.715357 0.112900 0.000000 0.000000 0.000000 1.000000
0.993084 0.050960 0.105774 0.485100 0.024106 0.793205 -0.608478 -32.551498 -0.114908 0.606819 0.786490 0.112900 0.000000 0.000000 0.000000 1.000000
0.988598 0.052267 0.141214 0.485100 0.027778 0.858422 -0.512192 -32.551498 -0.147992 0.510275 0.847182 0.112900 0.000000 0.000000 0.000000 1.000000
0.984720 0.053277 0.165796 0.485100 0.020658 0.909596 -0.414980 -32.551498 -0.172917 0.412064 0.894597 0.112900 0.000000 0.000000 0.000000 1.000000
0.983879 0.049995 0.171703 0.485100 0.007892 0.947054 -0.320976 -32.551498 -0.178659 0.317157 0.931393 0.112900 0.000000 0.000000 0.000000 1.000000
0.985291 0.040405 0.166037 0.485100 0.007112 0.961105 -0.276092 -32.551498 -0.170735 0.273212 0.946681 0.112900 0.000000 0.000000 0.000000 1.000000
0.983733 0.034754 0.176243 0.485100 0.041981 0.909460 -0.413667 -32.551498 -0.174662 0.414337 0.893207 0.112900 0.000000 0.000000 0.000000 1.000000
0.983856 0.045836 0.172991 0.485100 0.052427 0.850415 -0.523493 -32.551498 -0.171109 0.524111 0.834284 0.112900 0.000000 0.000000 0.000000 1.000000
0.990845 0.071547 0.114485 0.485100 0.011957 0.798177 -0.602304 -32.551498 -0.134472 0.598159 0.790015 0.112900 0.000000 0.000000 0.000000 1.000000
0.991798 0.118177 0.048701 0.485100 -0.047907 0.696929 -0.715538 -32.551498 -0.118501 0.707336 0.696874 0.112900 0.000000 0.000000 0.000000 1.000000
0.988085 0.153740 0.007249 0.485100 -0.083796 0.576868 -0.812528 -32.551498 -0.129099 0.802239 0.582878 0.112900 0.000000 0.000000 0.000000 1.000000
0.986321 0.164524 -0.010139 0.485100 -0.092691 0.502715 -0.859469 -32.551498 -0.136306 0.848652 0.511088 0.112900 0.000000 0.000000 0.000000 1.000000
0.987448 0.157693 -0.008872 0.485100 -0.083375 0.472725 -0.877257 -32.551498 -0.134144 0.866986 0.479939 0.112900 0.000000 0.000000 0.000000 1.000000
0.989541 0.144245 -0.001574 0.485100 -0.071963 0.484154 -0.872018 -32.551498 -0.125022 0.863011 0.489471 0.112900 0.000000 0.000000 0.000000 1.000000
0.992009 0.126012 0.006228 0.485100 -0.061761 0.528064 -0.846956 -32.551498 -0.110015 0.839803 0.531627 0.112900 0.000000 0.000000 0.000000 1.000000
0.994795 0.100728 0.015384 0.485100 -0.047539 0.592330 -0.804292 -32.551498 -0.090127 0.799374 0.594035 0.112900 0.000000 0.000000 0.000000 1.000000
0.997056 0.071819 0.026863 0.485100 -0.027761 0.664675 -0.746616 -32.551498 -0.071476 0.743672 0.664712 0.112900 0.000000 0.000000 0.000000 1.000000
0.998003 0.047441 0.041713 0.485100 -0.006742 0.736536 -0.676364 -32.551498 -0.062811 0.674732 0.735385 0.112900 0.000000 0.000000 0.000000 1.000000
0.997700 0.032075 0.059723 0.485100 0.009701 0.804373 -0.594046 -32.551498 -0.067093 0.593259 0.802211 0.112900 0.000000 0.000000 0.000000 1.000000
0.996559 0.023149 0.079586 0.485100 0.019531 0.867579 -0.496915 -32.551498 -0.080550 0.496760 0.864142 0.112900 0.000000 0.000000 0.000000 1.000000
0.996674 0.012681 0.080494 0.485100 0.024097 0.897773 -0.439800 -32.551498 -0.077842 0.440277 0.894482 0.112900 0.000000 0.000000 0.000000 1.000000
0.997904 0.004189 0.064572 0.485100 0.024505 0.899109 -0.437039 -32.551498 -0.059888 0.437705 0.897122 0.112900 0.000000 0.000000 0.000000 1.000000
0.999020 -0.004615 0.044030 0.485100 0.023527 0.897825 -0.439723 -32.551498 -0.037503 0.440328 0.897054 0.112900 0.000000 0.000000 0.000000 1.000000
0.999658 -0.014317 0.021901 0.485100 0.022588 0.894670 -0.446156 -32.551498 -0.013207 0.446498 0.894687 0.112900 0.000000 0.000000 0.000000 1.000000
0.999622 -0.026514 -0.007233 0.485100 0.020336 0.890625 -0.454284 -32.551498 0.018486 0.453966 0.890827 0.112900 0.000000 0.000000 0.000000 1.000000
0.998110 -0.041036 -0.045749 0.485100 0.015112 0.885430 -0.464526 -32.551498 0.059569 0.462957 0.884377 0.112900 0.000000 0.000000 0.000000 1.000000
0.995582 -0.058451 -0.073489 0.485100 0.015777 0.875636 -0.482714 -32.551498 0.092564 0.479422 0.872689 0.112900 0.000000 0.000000 0.000000 1.000000
0.992234 -0.076633 -0.097973 0.485100 0.014725 0.854498 -0.519247 -32.551498 0.123510 0.513772 0.848990 0.112900 0.000000 0.000000 0.000000 1.000000
0.988212 -0.095872 -0.119356 0.485100 0.013493 0.831143 -0.555895 -32.551498 0.152497 0.547732 0.822639 0.112900 0.000000 0.000000 0.000000 1.000000
0.986027 -0.112046 -0.123271 0.485100 0.010870 0.781696 -0.623566 -32.551498 0.166228 0.613513 0.771991 0.112900 0.000000 0.000000 0.000000 1.000000
0.985270 -0.115428 -0.126173 0.485100 -0.010411 0.695969 -0.717997 -32.551498 0.170690 0.708734 0.684515 0.112900 0.000000 0.000000 0.000000 1.000000
0.986430 -0.111039 -0.120938 0.485100 -0.031255 0.596141 -0.802271 -32.551498 0.161179 0.795164 0.584581 0.112900 0.000000 0.000000 0.000000 1.000000
0.990088 -0.107994 -0.089791 0.485100 -0.030135 0.461086 -0.886843 -32.551498 0.137176 0.880759 0.453262 0.112900 0.000000 0.000000 0.000000 1.000000
0.992410 -0.100526 -0.070834 0.485100 -0.031784 0.346757 -0.937416 -32.551498 0.118797 0.932553 0.340930 0.112900 0.000000 0.000000 0.000000 1.000000
0.993778 -0.088253 -0.067947 0.485100 -0.040941 0.277900 -0.959737 -32.551498 0.103583 0.956547 0.272558 0.112900 0.000000 0.000000 0.000000 1.000000
0.994974 -0.072625 -0.068941 0.485100 -0.047799 0.260519 -0.964285 -32.551498 0.087991 0.962733 0.255738 0.112900 0.000000 0.000000 0.000000 1.000000
0.996536 -0.054603 -0.062726 0.485100 -0.044735 0.283867 -0.957819 -32.551498 0.070105 0.957308 0.280441 0.112900 0.000000 0.000000 0.000000 1.000000
0.998464 -0.033859 -0.043864 0.485100 -0.030023 0.334783 -0.941817 -32.551498 0.046574 0.941687 0.333252 0.112900 0.000000 0.000000 0.000000 1.000000
0.999845 -0.010902 -0.013821 0.485100 -0.008252 0.403221 -0.915065 -32.551498 0.015549 0.915038 0.403069 0.112900 0.000000 0.000000 0.000000 1.000000
0.999744 0.011352 0.019579 0.485100 0.011699 0.481343 -0.876454 -32.551498 -0.019374 0.876459 0.481087 0.112900 0.000000 0.000000 0.000000 1.000000</float_array><technique_common><accessor source="#LeftLeg-Matrix-animation-output-transform-array" count="43" stride="16"><param type="float4x4"/></accessor></technique_common></source><source id="LeftLeg-Interpolations"><Name_array id="LeftLeg-Interpolations-array" count="43">
 LINEAR LINEAR LINEAR LINEAR LINEAR LINEAR LINEAR LINEAR LINEAR LINEAR LINEAR
LINEAR LINEAR LINEAR LINEAR LINEAR LINEAR LINEAR LINEAR LINEAR LINEAR LINEAR LINEAR
LINEAR LINEAR LINEAR LINEAR LINEAR LINEAR LINEAR LINEAR LINEAR LINEAR LINEAR LINEAR
LINEAR LINEAR LINEAR LINEAR LINEAR LINEAR LINEAR LINEAR</Name_array><technique_common><accessor source="#LeftLeg-Interpolations-array" count="43"><param type="name"/></accessor></technique_common></source><sampler id="LeftLeg-Matrix-animation-transform"><input semantic="INPUT" source="#LeftLeg-Matrix-animation-input"/><input semantic="OUTPUT" source="#LeftLeg-Matrix-animation-output-transform"/><input semantic="INTERPOLATION" source="#LeftLeg-Interpolations"/></sampler><channel source="#LeftLeg-Matrix-animation-transform" target="LeftLeg/matrix"/></animation>
    <animation id="LeftFoot-anim" name="LeftFoot"><source id="LeftFoot-Matrix-animation-input"><float_array id="LeftFoot-Matrix-animation-input-array" count="43">

0.000000 0.033333 0.066667 0.100000 0.133333 0.166667 0.200000 0.233333 0.266667 0.300000 0.333333 0.366667 0.400000 0.433333 0.466667 0.500000
0.533333 0.566667 0.600000 0.633333 0.666667 0.700000 0.733333 0.766667 0.800000 0.833333 0.866667 0.900000 0.933333 0.966667 1.000000 1.033333
1.066667 1.100000 1.133333 1.166667 1.200000 1.233333 1.266667 1.300000 1.333333 1.366667 1.400000</float_array><technique_common><accessor source="#LeftFoot-Matrix-animation-input-array" count="43"><param name="TIME" type="float"/></accessor></technique_common></source><source id="LeftFoot-Matrix-animation-output-transform"><float_array id="LeftFoot-Matrix-animation-output-transform-array" count="688">

0.999996 0.002638 0.001140 0.438000 -0.002777 0.989107 0.147171 -32.635700 -0.000739 -0.147174 0.989110 -3.012600 0.000000 0.000000 0.000000 1.000000
0.999985 0.005091 0.001894 0.438000 -0.005328 0.987109 0.159960 -32.635700 -0.001056 -0.159968 0.987122 -3.012600 0.000000 0.000000 0.000000 1.000000
0.999989 0.004309 0.001840 0.438000 -0.004559 0.985370 0.170366 -32.635700 -0.001079 -0.170372 0.985379 -3.012600 0.000000 0.000000 0.000000 1.000000
0.999949 0.010114 0.000511 0.438000 -0.010045 0.984218 0.176678 -32.635700 0.001284 -0.176674 0.984269 -3.012600 0.000000 0.000000 0.000000 1.000000
0.999601 0.028236 0.001147 0.438000 -0.027983 0.983328 0.179676 -32.635700 0.003946 -0.179636 0.983725 -3.012600 0.000000 0.000000 0.000000 1.000000
0.998598 0.051858 0.010614 0.438000 -0.052924 0.981783 0.182484 -32.635700 -0.000958 -0.182790 0.983152 -3.012600 0.000000 0.000000 0.000000 1.000000
0.997216 0.068521 0.029401 0.438000 -0.072953 0.978123 0.194817 -32.635700 -0.015408 -0.196420 0.980399 -3.012600 0.000000 0.000000 0.000000 1.000000
0.996341 0.073633 0.043399 0.438000 -0.081553 0.970969 0.224874 -32.635700 -0.025581 -0.227590 0.973421 -3.012600 0.000000 0.000000 0.000000 1.000000
0.998178 0.048114 0.036424 0.438000 -0.056297 0.959815 0.274930 -32.635700 -0.021732 -0.276480 0.960774 -3.012600 0.000000 0.000000 0.000000 1.000000
0.997455 0.061448 0.036157 0.438000 -0.068847 0.961926 0.264498 -32.635700 -0.018527 -0.266314 0.963708 -3.012600 0.000000 0.000000 0.000000 1.000000
0.995386 0.079481 0.053750 0.438000 -0.084781 0.990869 0.104835 -32.635700 -0.044927 -0.108908 0.993036 -3.012600 0.000000 0.000000 0.000000 1.000000
0.991398 0.094959 0.090068 0.438000 -0.087865 0.992938 -0.079713 -32.635700 -0.097001 0.071114 0.992740 -3.012600 0.000000 0.000000 0.000000 1.000000
0.988033 0.089219 0.125817 0.438000 -0.080112 0.993909 -0.075677 -32.635700 -0.131802 0.064692 0.989163 -3.012600 0.000000 0.000000 0.000000 1.000000
0.988212 0.063734 0.139191 0.438000 -0.074002 0.994807 0.069882 -32.635700 -0.134015 -0.079359 0.987797 -3.012600 0.000000 0.000000 0.000000 1.000000
0.989993 0.050083 0.131926 0.438000 -0.073815 0.980588 0.181654 -32.635700 -0.120268 -0.189574 0.974473 -3.012600 0.000000 0.000000 0.000000 1.000000
0.990751 0.050216 0.126061 0.438000 -0.082412 0.960721 0.264999 -32.635700 -0.107803 -0.272937 0.955973 -3.012600 0.000000 0.000000 0.000000 1.000000
0.989810 0.054492 0.131553 0.438000 -0.094489 0.942512 0.320534 -32.635700 -0.106524 -0.329698 0.938057 -3.012600 0.000000 0.000000 0.000000 1.000000
0.988234 0.056056 0.142307 0.438000 -0.103592 0.929827 0.353115 -32.635700 -0.112526 -0.363702 0.924694 -3.012600 0.000000 0.000000 0.000000 1.000000
0.987530 0.057445 0.146578 0.438000 -0.108568 0.922740 0.369817 -32.635700 -0.114009 -0.381119 0.917469 -3.012600 0.000000 0.000000 0.000000 1.000000
0.988685 0.061462 0.136834 0.438000 -0.109482 0.919245 0.378156 -32.635700 -0.102542 -0.388859 0.915573 -3.012600 0.000000 0.000000 0.000000 1.000000
0.991270 0.068622 0.112587 0.438000 -0.106993 0.917655 0.382704 -32.635700 -0.077054 -0.391408 0.916985 -3.012600 0.000000 0.000000 0.000000 1.000000
0.993827 0.078210 0.078687 0.438000 -0.102589 0.917863 0.383410 -32.635700 -0.042238 -0.389116 0.920220 -3.012600 0.000000 0.000000 0.000000 1.000000
0.995107 0.089631 0.041586 0.438000 -0.098708 0.920713 0.377550 -32.635700 -0.004449 -0.379807 0.925055 -3.012600 0.000000 0.000000 0.000000 1.000000
0.994743 0.099961 0.022241 0.438000 -0.101379 0.930599 0.351721 -32.635700 0.014460 -0.352127 0.935841 -3.012600 0.000000 0.000000 0.000000 1.000000
0.993949 0.108220 0.018828 0.438000 -0.108499 0.940476 0.322077 -32.635700 0.017148 -0.322171 0.946526 -3.012600 0.000000 0.000000 0.000000 1.000000
0.992816 0.117527 0.022428 0.438000 -0.118752 0.945023 0.304678 -32.635700 0.014613 -0.305153 0.952191 -3.012600 0.000000 0.000000 0.000000 1.000000
0.991306 0.128800 0.026894 0.438000 -0.130803 0.942529 0.307455 -32.635700 0.014252 -0.308300 0.951182 -3.012600 0.000000 0.000000 0.000000 1.000000
0.990077 0.136827 0.032036 0.438000 -0.139427 0.927987 0.345545 -32.635700 0.017551 -0.346582 0.937855 -3.012600 0.000000 0.000000 0.000000 1.000000
0.989831 0.137061 0.038059 0.438000 -0.140303 0.896635 0.419952 -32.635700 0.023434 -0.421022 0.906748 -3.012600 0.000000 0.000000 0.000000 1.000000
0.988910 0.144171 0.035649 0.438000 -0.143356 0.863948 0.482745 -32.635700 0.038799 -0.482502 0.875035 -3.012600 0.000000 0.000000 0.000000 1.000000
0.987696 0.153414 0.030357 0.438000 -0.146114 0.836055 0.528831 -32.635700 0.055750 -0.526760 0.848184 -3.012600 0.000000 0.000000 0.000000 1.000000
0.985442 0.168344 0.023758 0.438000 -0.153978 0.824502 0.544506 -32.635700 0.072076 -0.540238 0.838420 -3.012600 0.000000 0.000000 0.000000 1.000000
0.984890 0.172947 0.008989 0.438000 -0.155236 0.858641 0.488505 -32.635700 0.076767 -0.482519 0.872515 -3.012600 0.000000 0.000000 0.000000 1.000000
0.990347 0.138603 -0.001106 0.438000 -0.130886 0.937771 0.321643 -32.635700 0.045618 -0.318393 0.946860 -3.012600 0.000000 0.000000 0.000000 1.000000
0.995295 0.096882 0.001544 0.438000 -0.096086 0.984817 0.144576 -32.635700 0.012486 -0.144044 0.989492 -3.012600 0.000000 0.000000 0.000000 1.000000
0.994588 0.103113 0.012752 0.438000 -0.103846 0.990462 0.090556 -32.635700 -0.003293 -0.091390 0.995810 -3.012600 0.000000 0.000000 0.000000 1.000000
